Date,Open,High,Low,Close,Volume,Change,Delta,Change_Ratio,Delta_Ratio,Variance,momentum
2023-08-30,11.48,11.61,11.36,11.52,460567,0.04,0.25,0.35,2.17,0.12,1
2023-08-29,11.38,11.62,11.32,11.48,648266,0.1,0.3,0.87,2.61,0.15,1
2023-08-28,11.41,11.51,11.3,11.42,340774,0.01,0.21,0.09,1.84,0.1,1
2023-08-25,11.02,11.36,11.02,11.32,414961,0.3,0.34,2.65,3.0,0.17,1
2023-08-24,11.35,11.38,10.81,11.0,781895,-0.35,0.56,-3.18,5.14,0.28,-1
2023-08-23,11.0,11.51,10.9,11.35,826207,0.35,0.61,3.08,5.37,0.3,1
2023-08-22,10.93,11.17,10.91,11.04,548652,0.11,0.26,1.0,2.36,0.13,1
2023-08-21,10.55,10.92,10.54,10.9,783581,0.35,0.39,3.21,3.53,0.19,1
2023-08-18,9.41,10.4,9.41,10.38,1067914,0.97,0.99,9.34,9.54,0.5,1
2023-08-17,9.57,9.59,9.36,9.42,769237,-0.15,0.23,-1.65,2.45,0.12,-1
2023-08-16,9.54,9.71,9.43,9.43,434094,-0.11,0.29,-1.17,3.02,0.14,-1
2023-08-15,9.44,9.83,9.4,9.55,717689,0.11,0.43,1.15,4.49,0.21,1
2023-08-14,9.82,9.82,9.01,9.46,1675874,-0.36,0.81,-3.81,8.62,0.41,-1
2023-08-11,10.15,10.18,9.75,9.76,686577,-0.39,0.43,-4.0,4.41,0.21,-1
2023-08-10,10.25,10.42,10.09,10.21,624940,-0.04,0.33,-0.39,3.23,0.17,1
2023-08-09,10.61,10.61,10.14,10.18,483656,-0.43,0.47,-4.22,4.62,0.23,-1
2023-08-08,10.5,10.63,10.39,10.59,342723,0.09,0.24,0.85,2.27,0.12,-1
2023-08-07,10.74,10.79,10.6,10.65,437122,-0.09,0.19,-0.85,1.78,0.09,-1
2023-08-04,10.85,11.0,10.76,10.77,291318,-0.08,0.23,-0.74,2.18,0.12,-1
2023-08-03,10.91,11.02,10.8,10.83,331545,-0.08,0.23,-0.74,2.1,0.11,-1
2023-08-02,10.9,11.01,10.82,10.92,356129,0.02,0.19,0.18,1.74,0.09,1
2023-08-01,11.01,11.06,10.83,10.9,277616,-0.11,0.22,-1.01,2.06,0.11,-1
2023-07-31,10.9,11.11,10.9,11.1,538803,0.2,0.21,1.8,1.89,0.1,1
2023-07-28,10.77,10.84,10.68,10.78,276518,0.01,0.16,0.09,1.49,0.08,1
2023-07-27,10.7,10.87,10.64,10.68,382187,-0.02,0.23,-0.19,2.15,0.11,1
2023-07-26,10.64,10.72,10.44,10.64,729046,0.0,0.28,0.0,2.62,0.14,-1
2023-07-25,10.67,10.79,10.63,10.66,249978,-0.01,0.16,-0.09,1.5,0.08,-1
2023-07-24,10.68,10.84,10.65,10.69,255374,0.01,0.19,0.09,1.78,0.09,-1
2023-07-21,10.8,10.81,10.58,10.69,524648,-0.11,0.23,-1.03,2.15,0.12,-1
2023-07-20,10.7,10.86,10.62,10.72,563005,0.02,0.24,0.19,2.28,0.12,1
2023-07-19,10.69,10.99,10.57,10.63,714119,-0.06,0.42,-0.56,3.95,0.21,1
2023-07-18,10.45,10.71,10.42,10.44,586761,-0.01,0.29,-0.1,2.78,0.15,-1
2023-07-17,10.05,10.52,9.88,10.45,1109193,0.4,0.64,3.83,6.12,0.32,1
2023-07-14,9.72,9.72,9.44,9.54,318709,-0.18,0.29,-1.89,2.99,0.14,-1
2023-07-13,9.79,9.85,9.67,9.71,484381,-0.08,0.18,-0.82,1.85,0.09,-1
2023-07-12,9.82,10.05,9.65,9.73,678022,-0.09,0.4,-0.92,4.11,0.2,1
2023-07-11,9.66,9.8,9.54,9.72,406508,0.06,0.26,0.62,2.62,0.13,1
2023-07-10,9.56,9.72,9.56,9.56,432293,0.0,0.16,0.0,1.67,0.08,-1
2023-07-07,9.39,9.65,9.35,9.6,252918,0.21,0.3,2.19,3.18,0.15,1
2023-07-06,9.57,9.6,9.26,9.37,331049,-0.2,0.34,-2.13,3.63,0.17,-1
2023-07-05,9.32,9.7,9.32,9.66,517623,0.34,0.38,3.52,3.93,0.19,1
2023-07-03,9.36,9.52,9.36,9.48,270770,0.12,0.16,1.27,1.64,0.08,1
2023-06-30,9.27,9.4,9.25,9.36,562566,0.09,0.15,0.96,1.66,0.08,1
2023-06-29,9.14,9.35,9.14,9.24,262884,0.1,0.21,1.08,2.27,0.1,1
2023-06-28,9.13,9.24,9.1,9.11,407965,-0.02,0.15,-0.22,1.65,0.07,-1
2023-06-27,9.66,9.66,9.14,9.18,657613,-0.48,0.53,-5.23,5.72,0.26,-1
2023-06-26,9.81,9.87,9.69,9.69,302917,-0.12,0.18,-1.24,1.86,0.09,-1
2023-06-23,9.75,9.86,9.71,9.75,411497,0.0,0.15,0.0,1.54,0.07,-1
2023-06-22,9.92,9.97,9.82,9.83,306034,-0.09,0.15,-0.92,1.53,0.08,-1
2023-06-21,9.81,10.0,9.81,9.99,459104,0.18,0.19,1.8,1.9,0.09,1
2023-06-20,9.85,9.94,9.7,9.85,421817,0.0,0.24,0.0,2.44,0.12,1
2023-06-16,9.74,9.86,9.61,9.84,461679,0.1,0.25,1.02,2.55,0.13,1
2023-06-15,9.58,9.76,9.57,9.74,483330,0.16,0.19,1.64,1.95,0.09,1
2023-06-14,9.69,9.75,9.5,9.58,404562,-0.11,0.25,-1.15,2.61,0.12,-1
2023-06-13,9.49,9.73,9.49,9.67,770142,0.18,0.24,1.86,2.48,0.12,1
2023-06-12,9.5,9.56,9.38,9.46,343816,-0.04,0.18,-0.42,1.9,0.09,-1
2023-06-09,9.45,9.6,9.45,9.55,691857,0.1,0.15,1.05,1.57,0.08,1
2023-06-08,9.48,9.51,9.28,9.45,589362,-0.03,0.23,-0.32,2.4,0.11,-1
2023-06-07,9.65,9.72,9.49,9.55,540083,-0.1,0.23,-1.05,2.38,0.11,-1
2023-06-06,9.13,9.66,9.12,9.62,1002163,0.49,0.54,5.09,5.64,0.27,1
2023-06-05,9.07,9.32,9.07,9.22,681400,0.15,0.25,1.63,2.71,0.12,1
2023-06-02,8.83,9.09,8.82,9.09,675135,0.26,0.27,2.86,2.97,0.13,1
2023-06-01,8.75,8.84,8.69,8.75,458056,0.0,0.15,0.0,1.66,0.07,1
2023-05-31,8.58,8.82,8.55,8.74,1959233,0.16,0.27,1.83,3.09,0.13,1
2023-05-30,9.05,9.1,8.54,8.62,1005671,-0.43,0.56,-4.99,6.55,0.28,-1
2023-05-26,9.07,9.51,9.04,9.08,1125164,0.01,0.47,0.11,5.18,0.24,1
2023-05-25,9.17,9.2,8.94,8.95,633190,-0.22,0.26,-2.46,2.85,0.13,-1
2023-05-24,8.93,9.31,8.93,9.14,831761,0.21,0.38,2.3,4.16,0.19,1
2023-05-23,8.79,9.1,8.78,8.97,673855,0.18,0.32,2.01,3.57,0.16,1
2023-05-22,8.82,8.9,8.78,8.81,377118,-0.01,0.12,-0.11,1.36,0.06,-1
2023-05-19,8.78,8.9,8.71,8.82,409422,0.04,0.18,0.45,2.1,0.09,1
2023-05-18,8.64,8.75,8.51,8.73,525146,0.09,0.24,1.03,2.75,0.12,1
2023-05-17,8.68,8.81,8.58,8.72,541080,0.04,0.23,0.46,2.64,0.12,1
2023-05-16,8.83,8.9,8.59,8.64,594893,-0.19,0.31,-2.2,3.59,0.16,-1
2023-05-15,8.7,8.9,8.6,8.89,673867,0.19,0.3,2.14,3.43,0.15,1
2023-05-12,8.46,8.8,8.42,8.7,838159,0.24,0.38,2.76,4.37,0.19,1
2023-05-11,8.49,8.57,8.33,8.35,1668810,-0.14,0.24,-1.68,2.87,0.12,-1
2023-05-10,8.7,8.72,8.43,8.53,604694,-0.17,0.29,-1.99,3.46,0.15,-1
2023-05-09,8.52,8.7,8.42,8.66,335683,0.14,0.28,1.62,3.23,0.14,1
2023-05-08,8.39,8.7,8.39,8.59,561677,0.2,0.3,2.33,3.55,0.15,1
2023-05-05,8.27,8.56,8.2,8.52,479975,0.25,0.37,2.93,4.28,0.18,1
2023-05-04,8.18,8.22,8.12,8.19,378563,0.01,0.11,0.12,1.34,0.05,1
2023-05-03,8.23,8.28,8.18,8.18,439011,-0.05,0.1,-0.61,1.23,0.05,-1
2023-05-02,8.45,8.45,8.14,8.21,355931,-0.24,0.3,-2.92,3.71,0.15,-1
2023-05-01,8.46,8.54,8.42,8.48,539811,0.02,0.12,0.24,1.42,0.06,1
2023-04-28,8.41,8.47,8.26,8.46,558367,0.05,0.21,0.59,2.44,0.1,1
2023-04-27,8.29,8.46,8.19,8.43,462072,0.14,0.27,1.66,3.14,0.13,1
2023-04-26,8.21,8.28,8.14,8.27,528160,0.06,0.14,0.73,1.75,0.07,1
2023-04-25,8.09,8.24,8.04,8.19,453396,0.1,0.2,1.22,2.44,0.1,1
2023-04-24,8.0,8.13,7.93,8.12,432898,0.12,0.2,1.48,2.46,0.1,1
2023-04-21,8.09,8.12,7.94,8.04,497409,-0.05,0.17,-0.62,2.18,0.09,-1
2023-04-20,8.18,8.24,7.98,8.06,723785,-0.12,0.25,-1.49,3.16,0.13,-1
2023-04-19,8.56,8.56,8.3,8.4,627923,-0.16,0.27,-1.9,3.15,0.13,-1
2023-04-18,8.47,8.72,8.43,8.58,525983,0.11,0.29,1.28,3.32,0.14,1
2023-04-17,8.72,8.78,8.26,8.56,1048069,-0.16,0.52,-1.87,6.13,0.26,-1
2023-04-14,8.9,9.06,8.9,8.98,481181,0.08,0.17,0.89,1.84,0.08,1
2023-04-13,9.0,9.1,8.87,8.9,681294,-0.1,0.23,-1.12,2.57,0.11,-1
2023-04-12,8.49,9.07,8.49,8.94,937398,0.45,0.58,5.03,6.54,0.29,1
2023-04-11,8.1,8.58,8.1,8.58,1535571,0.48,0.48,5.59,5.59,0.24,1
2023-04-10,7.89,8.09,7.89,8.04,405864,0.15,0.2,1.87,2.49,0.1,1
2023-04-06,7.93,7.94,7.82,7.92,423939,-0.01,0.12,-0.13,1.52,0.06,1
2023-04-05,8.06,8.06,7.82,7.9,746544,-0.16,0.24,-2.03,2.97,0.12,-1
2023-04-04,8.22,8.26,7.92,8.05,655911,-0.17,0.34,-2.11,4.16,0.17,-1
2023-04-03,8.11,8.24,8.1,8.19,274533,0.08,0.13,0.98,1.65,0.07,1
2023-03-31,8.26,8.28,8.02,8.09,305668,-0.17,0.26,-2.1,3.21,0.13,-1
2023-03-30,8.2,8.25,8.06,8.19,475231,-0.01,0.2,-0.12,2.38,0.1,1
2023-03-29,8.15,8.25,8.13,8.15,290980,0.0,0.12,0.0,1.47,0.06,1
2023-03-28,8.0,8.14,7.97,8.11,353164,0.11,0.17,1.36,2.03,0.08,1
2023-03-27,7.73,8.09,7.7,8.02,767916,0.29,0.38,3.62,4.8,0.19,1
2023-03-24,7.59,7.78,7.46,7.7,353163,0.11,0.32,1.43,4.16,0.16,1
2023-03-23,7.7,7.82,7.56,7.61,504373,-0.09,0.27,-1.18,3.48,0.13,-1
2023-03-22,7.64,7.8,7.61,7.65,319962,0.01,0.19,0.13,2.48,0.1,1
2023-03-21,7.66,7.8,7.62,7.64,397318,-0.02,0.18,-0.26,2.36,0.09,1
2023-03-20,7.4,7.59,7.4,7.54,485679,0.14,0.19,1.86,2.52,0.09,1
2023-03-17,7.53,7.54,7.34,7.36,580451,-0.17,0.2,-2.31,2.78,0.1,-1
2023-03-16,7.43,7.64,7.42,7.63,383142,0.2,0.22,2.62,2.95,0.11,1
2023-03-15,7.72,7.72,7.4,7.51,623254,-0.21,0.31,-2.8,4.19,0.16,-1
2023-03-14,7.82,8.05,7.72,7.88,410202,0.06,0.33,0.76,4.19,0.17,1
2023-03-13,7.64,7.86,7.56,7.69,509561,0.05,0.29,0.65,3.84,0.15,-1
2023-03-10,7.76,8.13,7.5,7.8,999497,0.04,0.63,0.51,8.07,0.31,1
2023-03-09,7.91,8.02,7.73,7.73,801586,-0.18,0.29,-2.33,3.75,0.14,-1
2023-03-08,7.95,8.06,7.88,7.92,713970,-0.03,0.18,-0.38,2.34,0.09,-1
2023-03-07,8.09,8.15,7.84,7.94,398902,-0.15,0.32,-1.89,3.97,0.16,-1
2023-03-06,8.05,8.27,8.02,8.16,341531,0.11,0.25,1.35,3.06,0.12,1
2023-03-03,8.11,8.2,8.04,8.05,475535,-0.06,0.17,-0.75,2.05,0.08,-1
2023-03-02,8.12,8.18,8.06,8.09,275571,-0.03,0.12,-0.37,1.55,0.06,-1
2023-03-01,8.11,8.24,8.04,8.15,368277,0.04,0.2,0.49,2.45,0.1,1
2023-02-28,8.4,8.46,7.9,8.12,1044593,-0.28,0.56,-3.45,6.9,0.28,-1
2023-02-27,8.24,8.38,8.23,8.3,695110,0.06,0.15,0.72,1.81,0.08,1
2023-02-24,8.21,8.41,8.19,8.24,733837,0.03,0.22,0.36,2.67,0.11,-1
2023-02-23,8.19,8.32,8.14,8.25,415505,0.06,0.17,0.73,2.12,0.09,1
2023-02-22,7.93,8.12,7.92,8.09,381669,0.16,0.19,1.98,2.41,0.1,1
2023-02-21,8.03,8.08,7.9,7.91,419707,-0.12,0.18,-1.52,2.28,0.09,-1
2023-02-17,8.11,8.19,8.02,8.06,475567,-0.05,0.17,-0.62,2.11,0.08,-1
2023-02-16,8.34,8.39,8.13,8.14,845646,-0.2,0.26,-2.46,3.19,0.13,1
2023-02-15,7.87,8.11,7.87,8.11,412639,0.24,0.24,2.96,2.96,0.12,1
2023-02-14,8.01,8.14,7.9,7.92,546481,-0.09,0.23,-1.14,2.97,0.12,-1
2023-02-13,7.73,8.02,7.61,8.02,607806,0.29,0.41,3.62,5.11,0.2,1
2023-02-10,7.66,7.89,7.65,7.74,671822,0.08,0.24,1.03,3.1,0.12,1
2023-02-09,7.82,7.86,7.56,7.68,508545,-0.14,0.31,-1.82,3.97,0.15,-1
2023-02-08,7.8,8.04,7.78,7.79,585845,-0.01,0.26,-0.13,3.34,0.13,-1
2023-02-07,7.82,8.1,7.8,8.07,1042590,0.25,0.3,3.1,3.72,0.15,-1
2023-02-06,8.4,8.45,8.11,8.17,836526,-0.23,0.34,-2.82,4.19,0.17,-1
2023-02-03,8.76,8.88,8.44,8.5,443032,-0.26,0.44,-3.06,5.16,0.22,-1
2023-02-02,8.45,8.9,8.31,8.77,1223360,0.32,0.59,3.65,6.78,0.3,1
2023-02-01,8.42,8.51,8.32,8.46,414182,0.04,0.2,0.47,2.3,0.1,1
2023-01-31,8.4,8.48,8.26,8.45,384066,0.05,0.22,0.59,2.6,0.11,1
2023-01-30,8.38,8.52,8.31,8.36,837365,-0.02,0.21,-0.24,2.51,0.1,-1
2023-01-27,8.52,8.56,8.33,8.4,496204,-0.12,0.23,-1.43,2.74,0.12,-1
2023-01-26,8.59,8.63,8.38,8.53,451596,-0.06,0.25,-0.7,2.87,0.12,-1
2023-01-25,8.28,8.56,8.28,8.53,260526,0.25,0.29,2.93,3.34,0.14,1
2023-01-24,8.34,8.48,8.31,8.38,313814,0.04,0.17,0.54,2.03,0.08,1
2023-01-23,8.33,8.4,8.22,8.25,267298,-0.08,0.18,-0.97,2.18,0.09,-1
2023-01-20,8.39,8.39,8.26,8.3,172593,-0.09,0.13,-1.08,1.63,0.07,-1
2023-01-19,8.33,8.4,8.18,8.36,400197,0.03,0.23,0.36,2.75,0.11,-1
2023-01-18,8.52,8.59,8.33,8.38,357073,-0.13,0.26,-1.61,3.04,0.13,-1
2023-01-17,8.43,8.57,8.39,8.45,322894,0.02,0.18,0.24,2.13,0.09,1
2023-01-13,8.32,8.44,8.23,8.38,371597,0.06,0.21,0.72,2.45,0.1,1
2023-01-12,8.05,8.35,8.02,8.31,480254,0.26,0.33,3.13,3.91,0.16,1
2023-01-11,8.05,8.15,8.01,8.04,607106,-0.01,0.14,-0.12,1.8,0.07,1
2023-01-10,7.94,8.02,7.82,8.01,371039,0.07,0.2,0.87,2.56,0.1,1
2023-01-09,8.03,8.17,7.9,7.93,556806,-0.1,0.28,-1.26,3.47,0.14,-1
2023-01-06,7.72,8.02,7.72,8.01,661790,0.29,0.31,3.62,3.81,0.15,1
2023-01-05,7.51,7.58,7.4,7.58,637648,0.07,0.18,0.92,2.37,0.09,1
2023-01-04,7.5,7.62,7.4,7.52,606536,0.02,0.22,0.27,2.99,0.11,-1
2023-01-03,8.25,8.28,7.42,7.55,1274630,-0.7,0.86,-9.27,11.32,0.43,-1
2022-12-30,8.23,8.33,8.15,8.29,326961,0.06,0.18,0.72,2.11,0.09,1
2022-12-29,8.35,8.35,8.18,8.25,333792,-0.1,0.16,-1.21,2.0,0.08,-1
2022-12-28,8.26,8.4,8.17,8.32,571969,0.06,0.23,0.78,2.76,0.12,1
2022-12-27,8.44,8.49,8.23,8.25,405543,-0.19,0.26,-2.3,3.14,0.13,-1
2022-12-23,8.23,8.5,8.22,8.41,815703,0.18,0.28,2.14,3.29,0.14,1
2022-12-22,8.06,8.24,7.88,8.22,1544521,0.16,0.36,1.95,4.38,0.18,1
2022-12-21,7.84,8.14,7.7,8.11,1283819,0.27,0.44,3.39,5.43,0.22,1
2022-12-20,7.44,7.94,7.44,7.83,749990,0.39,0.49,4.98,6.32,0.25,1
2022-12-19,7.33,7.54,7.28,7.48,890664,0.15,0.26,2.01,3.54,0.13,1
2022-12-16,7.32,7.38,7.07,7.36,877365,0.04,0.31,0.54,4.21,0.15,1
2022-12-15,7.09,7.36,7.09,7.35,670291,0.26,0.27,3.54,3.67,0.14,1
2022-12-14,7.43,7.43,6.95,7.19,1590050,-0.24,0.48,-3.34,6.68,0.24,-1
2022-12-13,7.74,7.94,7.58,7.62,562506,-0.12,0.37,-1.57,4.79,0.18,1
2022-12-12,7.46,7.61,7.3,7.6,779541,0.14,0.31,1.84,4.08,0.16,1
2022-12-09,7.68,7.72,7.46,7.5,670852,-0.18,0.26,-2.4,3.47,0.13,-1
2022-12-08,7.83,7.92,7.7,7.72,507964,-0.11,0.22,-1.42,2.85,0.11,-1
2022-12-07,7.56,7.96,7.54,7.83,701726,0.27,0.42,3.45,5.36,0.21,1
2022-12-06,7.75,7.88,7.49,7.54,926237,-0.21,0.39,-2.79,5.17,0.19,-1
2022-12-05,7.8,8.03,7.74,7.82,629711,0.02,0.29,0.26,3.77,0.15,-1
2022-12-02,7.74,8.02,7.74,7.84,399408,0.1,0.28,1.28,3.56,0.14,1
2022-12-01,8.25,8.28,7.74,7.78,972616,-0.47,0.53,-6.04,6.88,0.27,-1
2022-11-30,8.16,8.28,8.09,8.26,564256,0.1,0.2,1.21,2.36,0.1,1
2022-11-29,8.18,8.28,8.13,8.16,404788,-0.02,0.15,-0.25,1.81,0.07,-1
2022-11-28,8.13,8.21,8.06,8.18,380131,0.05,0.15,0.61,1.83,0.07,-1
2022-11-25,8.26,8.37,8.19,8.22,267118,-0.04,0.18,-0.55,2.19,0.09,-1
2022-11-23,8.16,8.28,8.04,8.23,309628,0.07,0.24,0.85,2.92,0.12,1
2022-11-22,8.01,8.27,7.99,8.18,471046,0.17,0.28,2.08,3.42,0.14,1
2022-11-21,7.97,8.14,7.82,8.0,562204,0.03,0.33,0.38,4.06,0.16,1
2022-11-18,7.82,8.0,7.81,7.99,465854,0.17,0.19,2.13,2.38,0.1,1
2022-11-17,7.82,7.9,7.68,7.77,381924,-0.05,0.22,-0.64,2.83,0.11,-1
2022-11-16,7.98,8.03,7.76,7.91,668666,-0.07,0.27,-0.88,3.41,0.13,-1
2022-11-15,7.97,8.11,7.86,8.03,522922,0.06,0.25,0.75,3.11,0.12,1
2022-11-14,7.81,7.9,7.52,7.82,1415472,0.01,0.38,0.13,4.86,0.19,1
2022-11-11,8.0,8.2,7.7,7.76,933388,-0.24,0.5,-3.09,6.44,0.25,-1
2022-11-10,8.45,8.49,7.64,7.95,1015257,-0.5,0.85,-6.29,10.69,0.43,-1
2022-11-09,8.76,8.8,8.49,8.5,508314,-0.26,0.31,-3.06,3.71,0.16,-1
2022-11-08,8.79,8.94,8.65,8.83,495274,0.04,0.29,0.45,3.23,0.14,1
2022-11-07,8.52,8.88,8.52,8.77,659224,0.25,0.37,2.85,4.16,0.18,1
2022-11-04,8.58,8.8,8.43,8.5,572605,-0.08,0.38,-0.94,4.41,0.19,1
2022-11-03,8.07,8.48,7.97,8.41,652903,0.34,0.5,4.04,6.0,0.25,1
2022-11-02,8.38,8.43,8.15,8.18,550923,-0.2,0.28,-2.44,3.42,0.14,-1
2022-11-01,8.62,8.68,8.43,8.59,445221,-0.03,0.25,-0.35,2.9,0.12,-1
2022-10-31,8.54,8.78,8.32,8.66,1132635,0.12,0.46,1.39,5.31,0.23,1
2022-10-28,8.5,8.54,8.3,8.39,421263,-0.11,0.24,-1.31,2.89,0.12,-1
2022-10-27,8.61,8.75,8.41,8.49,388372,-0.12,0.34,-1.41,4.0,0.17,-1
2022-10-26,8.74,8.85,8.55,8.55,419166,-0.19,0.3,-2.22,3.51,0.15,-1
2022-10-25,8.69,8.9,8.55,8.75,466324,0.06,0.35,0.69,4.0,0.17,1
2022-10-24,8.95,8.95,8.6,8.67,448614,-0.28,0.35,-3.23,4.04,0.17,-1
2022-10-21,8.65,8.98,8.51,8.9,436217,0.25,0.46,2.81,5.22,0.23,1
2022-10-20,8.75,8.85,8.62,8.62,454440,-0.13,0.23,-1.51,2.67,0.12,-1
2022-10-19,8.35,8.83,8.3,8.73,442921,0.38,0.53,4.35,6.07,0.26,1
2022-10-18,8.38,8.46,8.2,8.41,1030487,0.03,0.26,0.36,3.03,0.13,-1
2022-10-17,8.28,8.55,8.28,8.43,347132,0.15,0.27,1.78,3.2,0.14,1
2022-10-14,8.45,8.58,8.14,8.16,367198,-0.29,0.44,-3.55,5.42,0.22,-1
2022-10-13,8.1,8.62,8.0,8.51,470231,0.41,0.62,4.82,7.29,0.31,1
2022-10-12,8.36,8.36,8.1,8.24,357479,-0.12,0.26,-1.46,3.22,0.13,-1
2022-10-11,8.5,8.52,8.24,8.35,303607,-0.15,0.29,-1.8,3.41,0.14,-1
2022-10-10,8.59,8.7,8.47,8.51,325908,-0.08,0.23,-0.94,2.7,0.11,-1
2022-10-07,8.49,8.57,8.32,8.51,438766,0.02,0.26,0.24,3.0,0.13,-1
2022-10-06,8.62,8.83,8.52,8.55,363037,-0.07,0.31,-0.82,3.63,0.16,-1
2022-10-05,8.68,8.68,8.44,8.62,479721,-0.06,0.24,-0.7,2.78,0.12,-1
2022-10-04,8.44,8.74,8.44,8.68,396582,0.24,0.3,2.76,3.46,0.15,1
2022-10-03,8.41,8.54,8.02,8.33,785484,-0.08,0.52,-0.96,6.24,0.26,1
2022-09-30,7.86,8.38,7.68,8.29,1445071,0.43,0.7,5.19,8.38,0.35,1
2022-09-29,7.75,7.75,7.5,7.72,572691,-0.03,0.25,-0.39,3.24,0.12,-1
2022-09-28,7.72,7.86,7.57,7.81,512233,0.09,0.29,1.15,3.78,0.15,1
2022-09-27,7.62,7.88,7.58,7.67,436480,0.05,0.29,0.65,3.85,0.15,1
2022-09-26,7.61,7.76,7.42,7.51,481537,-0.1,0.34,-1.33,4.53,0.17,-1
2022-09-23,8.02,8.02,7.59,7.65,618137,-0.37,0.43,-4.84,5.62,0.21,-1
2022-09-22,8.43,8.51,8.15,8.23,305652,-0.2,0.36,-2.43,4.31,0.18,-1
2022-09-21,8.45,8.6,8.31,8.42,554893,-0.03,0.29,-0.36,3.44,0.14,-1
2022-09-20,8.43,8.48,8.28,8.42,715051,-0.01,0.2,-0.12,2.38,0.1,-1
2022-09-19,7.98,8.52,7.98,8.5,532517,0.52,0.54,6.12,6.35,0.27,1
2022-09-16,8.15,8.19,7.99,8.13,725490,-0.02,0.2,-0.25,2.47,0.1,-1
2022-09-15,8.71,8.71,8.24,8.24,697014,-0.47,0.48,-5.7,5.76,0.24,-1
2022-09-14,8.98,8.98,8.71,8.78,501934,-0.2,0.27,-2.28,3.08,0.13,-1
2022-09-13,8.86,9.07,8.85,8.92,857682,0.06,0.22,0.67,2.44,0.11,-1
2022-09-12,9.1,9.16,8.97,9.03,321609,-0.07,0.19,-0.78,2.1,0.09,1
2022-09-09,9.07,9.07,8.9,8.96,284873,-0.11,0.17,-1.23,1.9,0.08,1
2022-09-08,8.73,8.94,8.73,8.94,520265,0.21,0.21,2.35,2.35,0.1,1
2022-09-07,8.71,8.9,8.52,8.79,800449,0.08,0.37,0.91,4.23,0.19,1
2022-09-06,8.95,8.99,8.72,8.72,535188,-0.23,0.27,-2.64,3.1,0.13,-1
2022-09-02,9.22,9.22,8.89,8.89,600530,-0.33,0.33,-3.71,3.71,0.17,-1
2022-09-01,9.09,9.24,8.96,9.0,586403,-0.09,0.28,-1.0,3.11,0.14,-1
2022-08-31,9.36,9.49,9.22,9.22,590254,-0.14,0.27,-1.52,2.93,0.13,-1
2022-08-30,10.06,10.06,9.24,9.36,2046160,-0.7,0.83,-7.48,8.81,0.41,-1
2022-08-29,9.45,10.09,9.4,10.04,843741,0.59,0.7,5.88,6.92,0.35,1
2022-08-26,9.49,9.54,9.37,9.51,534015,0.02,0.18,0.21,1.84,0.09,-1
2022-08-25,9.44,9.56,9.39,9.52,473709,0.08,0.17,0.84,1.84,0.09,1
2022-08-24,9.38,9.39,9.2,9.31,490695,-0.07,0.19,-0.75,2.04,0.1,-1
2022-08-23,9.12,9.45,9.12,9.44,558466,0.32,0.33,3.39,3.5,0.17,1
2022-08-22,8.85,9.07,8.81,9.06,358857,0.21,0.26,2.32,2.87,0.13,1
2022-08-19,9.08,9.09,8.91,8.96,368506,-0.12,0.18,-1.34,2.01,0.09,-1
2022-08-18,9.09,9.19,9.01,9.17,297533,0.08,0.18,0.87,1.98,0.09,1
2022-08-17,9.35,9.45,9.04,9.06,613123,-0.29,0.41,-3.2,4.58,0.21,-1
2022-08-16,9.4,9.4,9.28,9.34,432288,-0.06,0.12,-0.64,1.34,0.06,-1
2022-08-15,9.27,9.48,9.07,9.4,587988,0.13,0.41,1.38,4.34,0.2,-1
2022-08-12,8.95,9.64,8.8,9.54,1009636,0.59,0.84,6.18,8.81,0.42,1
2022-08-11,8.92,9.0,8.78,8.9,535280,-0.02,0.21,-0.22,2.42,0.11,1
2022-08-10,8.73,8.86,8.7,8.77,348757,0.04,0.16,0.46,1.82,0.08,1
2022-08-09,8.65,8.74,8.54,8.6,412329,-0.05,0.2,-0.58,2.38,0.1,-1
2022-08-08,8.46,8.67,8.46,8.64,647331,0.18,0.21,2.08,2.43,0.1,1
2022-08-05,8.13,8.4,8.13,8.38,432472,0.25,0.27,2.98,3.28,0.14,1
2022-08-04,8.13,8.23,8.12,8.15,426068,0.02,0.12,0.25,1.41,0.06,-1
2022-08-03,8.17,8.3,8.06,8.19,437610,0.02,0.24,0.24,2.99,0.12,1
2022-08-02,8.13,8.2,8.04,8.1,278274,-0.03,0.17,-0.37,2.04,0.08,-1
2022-08-01,8.15,8.16,8.03,8.11,313798,-0.04,0.13,-0.49,1.6,0.07,-1
2022-07-29,8.16,8.26,8.06,8.2,483419,0.04,0.2,0.49,2.38,0.1,1
2022-07-28,7.89,8.12,7.75,8.1,836597,0.21,0.37,2.59,4.57,0.18,1
2022-07-27,7.57,7.84,7.51,7.82,357936,0.25,0.33,3.2,4.16,0.16,1
2022-07-26,7.79,7.88,7.56,7.57,376415,-0.22,0.32,-2.91,4.29,0.16,-1
2022-07-25,7.6,7.83,7.59,7.8,461950,0.2,0.24,2.56,3.08,0.12,1
2022-07-22,7.56,7.63,7.48,7.52,756302,-0.04,0.15,-0.53,1.99,0.07,-1
2022-07-21,7.57,7.61,7.42,7.53,923279,-0.04,0.2,-0.53,2.59,0.1,-1
2022-07-20,7.55,7.7,7.55,7.64,951552,0.09,0.15,1.18,1.96,0.08,1
2022-07-19,7.43,7.6,7.43,7.58,766499,0.15,0.17,1.98,2.28,0.09,1
2022-07-18,7.35,7.65,7.35,7.4,665743,0.05,0.3,0.68,4.05,0.15,1
2022-07-15,7.18,7.27,7.02,7.23,1957619,0.05,0.25,0.69,3.46,0.12,1
2022-07-14,7.23,7.34,6.96,7.09,816075,-0.14,0.38,-1.97,5.36,0.19,-1
2022-07-13,7.45,7.57,7.39,7.46,478294,0.01,0.18,0.13,2.41,0.09,-1
2022-07-12,7.51,7.58,7.28,7.5,854249,-0.01,0.3,-0.13,4.07,0.15,-1
2022-07-11,7.9,7.96,7.57,7.58,527103,-0.32,0.39,-4.22,5.15,0.19,-1
2022-07-08,7.99,8.13,7.91,7.94,743177,-0.05,0.22,-0.63,2.77,0.11,-1
2022-07-07,7.95,8.2,7.91,7.96,998209,0.01,0.29,0.13,3.64,0.14,1
2022-07-06,8.17,8.2,7.76,7.89,797198,-0.28,0.43,-3.55,5.51,0.22,-1
2022-07-05,8.19,8.21,7.9,8.13,791802,-0.06,0.32,-0.74,3.87,0.16,-1
2022-07-01,8.46,8.49,8.08,8.33,954478,-0.13,0.41,-1.56,4.92,0.21,-1
2022-06-30,8.47,8.6,8.34,8.46,573637,-0.01,0.26,-0.12,3.01,0.13,-1
2022-06-29,8.68,8.9,8.5,8.62,829182,-0.06,0.4,-0.7,4.64,0.2,-1
2022-06-28,8.72,9.0,8.63,8.68,901703,-0.04,0.37,-0.46,4.26,0.18,-1
2022-06-27,8.71,8.88,8.63,8.73,1413958,0.02,0.25,0.23,2.87,0.13,1
2022-06-24,8.43,8.71,8.27,8.65,1207813,0.22,0.44,2.54,5.09,0.22,1
2022-06-23,8.79,8.79,8.22,8.32,1159716,-0.47,0.57,-5.65,6.85,0.28,-1
2022-06-22,8.79,8.86,8.62,8.75,820754,-0.04,0.24,-0.46,2.79,0.12,-1
2022-06-21,9.11,9.26,9.01,9.01,594366,-0.1,0.26,-1.11,2.83,0.13,-1
2022-06-17,9.11,9.29,8.84,9.03,1215445,-0.08,0.45,-0.89,4.98,0.22,-1
2022-06-16,9.41,9.47,9.09,9.11,945058,-0.3,0.38,-3.29,4.17,0.19,-1
2022-06-15,9.6,9.75,9.48,9.64,526002,0.04,0.27,0.41,2.8,0.13,1
2022-06-14,9.67,9.72,9.39,9.5,655131,-0.17,0.33,-1.79,3.47,0.17,-1
2022-06-13,9.94,10.01,9.44,9.53,1683725,-0.41,0.57,-4.3,5.98,0.29,-1
2022-06-10,10.21,10.4,10.12,10.21,1099930,0.0,0.28,0.0,2.69,0.14,-1
2022-06-09,10.57,10.64,10.38,10.46,881299,-0.11,0.26,-1.05,2.49,0.13,-1
2022-06-08,10.68,10.79,10.42,10.61,832224,-0.07,0.37,-0.66,3.5,0.19,-1
2022-06-07,10.56,10.85,10.5,10.81,819598,0.25,0.36,2.31,3.28,0.18,1
2022-06-06,10.93,10.98,10.54,10.69,679637,-0.24,0.44,-2.25,4.12,0.22,-1
2022-06-03,11.28,11.46,10.85,10.91,897330,-0.37,0.61,-3.39,5.59,0.31,-1
2022-06-02,10.73,11.26,10.57,11.04,1086304,0.31,0.69,2.81,6.25,0.34,1
2022-06-01,11.2,11.31,10.4,10.66,2477541,-0.54,0.91,-5.07,8.49,0.45,-1
2022-05-31,11.39,11.5,11.04,11.11,1296737,-0.28,0.46,-2.52,4.14,0.23,-1
2022-05-27,11.27,11.49,11.2,11.25,946473,-0.02,0.29,-0.18,2.58,0.15,-1
2022-05-26,10.99,11.32,10.8,11.25,977979,0.26,0.51,2.31,4.58,0.26,1
2022-05-25,10.75,10.84,10.61,10.78,581738,0.03,0.23,0.28,2.09,0.11,1
2022-05-24,10.55,10.75,10.48,10.72,975673,0.17,0.27,1.59,2.52,0.13,1
2022-05-23,10.3,10.77,10.18,10.66,587248,0.36,0.59,3.38,5.58,0.3,1
2022-05-20,10.35,10.4,9.97,10.13,757292,-0.22,0.43,-2.17,4.24,0.21,-1
2022-05-19,10.27,10.38,10.06,10.23,558551,-0.04,0.32,-0.39,3.13,0.16,-1
2022-05-18,10.93,10.94,10.23,10.32,548343,-0.61,0.7,-5.91,6.83,0.35,-1
2022-05-17,10.45,10.96,10.38,10.95,893618,0.5,0.58,4.57,5.3,0.29,1
2022-05-16,10.24,10.61,10.16,10.27,1223999,0.03,0.45,0.29,4.38,0.22,1
2022-05-13,10.34,10.54,10.06,10.25,1225204,-0.09,0.48,-0.88,4.68,0.24,1
2022-05-12,9.81,10.22,9.59,10.12,1145093,0.31,0.63,3.06,6.23,0.32,1
2022-05-11,9.95,10.34,9.8,9.9,939873,-0.05,0.54,-0.51,5.44,0.27,-1
2022-05-10,9.97,10.22,9.83,9.96,929872,-0.01,0.39,-0.1,3.92,0.2,1
2022-05-09,10.81,10.85,9.89,9.89,1867870,-0.92,0.96,-9.3,9.71,0.48,-1
2022-05-06,11.18,11.2,10.88,10.93,1960296,-0.25,0.32,-2.29,2.91,0.16,-1
2022-05-05,11.51,11.68,11.12,11.23,769490,-0.28,0.55,-2.49,4.94,0.28,-1
2022-05-04,11.7,11.9,11.17,11.48,919596,-0.22,0.73,-1.92,6.39,0.37,-1
2022-05-03,11.5,11.69,11.38,11.68,919513,0.18,0.31,1.54,2.69,0.16,1
2022-05-02,11.2,11.4,11.12,11.4,841789,0.2,0.28,1.75,2.46,0.14,1
2022-04-29,11.37,11.66,11.23,11.25,785979,-0.12,0.43,-1.07,3.79,0.21,-1
2022-04-28,12.15,12.24,11.46,11.52,1175263,-0.63,0.78,-5.47,6.77,0.39,-1
2022-04-27,11.6,12.18,11.49,11.99,2920384,0.39,0.69,3.25,5.71,0.34,1
2022-04-26,11.75,11.83,11.37,11.45,893960,-0.3,0.46,-2.62,4.02,0.23,-1
2022-04-25,11.54,11.7,11.21,11.63,1924438,0.09,0.49,0.77,4.26,0.25,-1
2022-04-22,12.23,12.46,11.71,11.8,2076752,-0.43,0.75,-3.64,6.36,0.38,-1
2022-04-21,12.94,13.04,12.11,12.24,2279926,-0.7,0.93,-5.72,7.6,0.46,-1
2022-04-20,12.47,12.97,12.22,12.86,1270716,0.39,0.75,3.03,5.79,0.37,1
2022-04-19,13.02,13.13,12.32,12.43,2384905,-0.59,0.81,-4.75,6.52,0.41,-1
2022-04-18,13.1,13.55,13.1,13.15,2615940,0.05,0.45,0.38,3.42,0.23,1
2022-04-14,13.0,13.18,12.89,13.05,2197750,0.05,0.29,0.38,2.26,0.15,1
2022-04-13,12.43,12.98,12.43,12.95,2257320,0.52,0.55,4.02,4.25,0.28,1
2022-04-12,12.27,12.63,12.2,12.37,2076027,0.1,0.43,0.81,3.48,0.22,1
2022-04-11,12.26,12.43,12.05,12.12,1802564,-0.14,0.38,-1.16,3.14,0.19,-1
2022-04-08,11.86,12.5,11.86,12.38,2117252,0.52,0.64,4.2,5.17,0.32,1
2022-04-07,11.34,11.89,11.29,11.81,1865534,0.47,0.6,3.98,5.08,0.3,1
2022-04-06,11.27,11.65,11.05,11.37,1954568,0.1,0.6,0.88,5.28,0.3,-1
2022-04-05,11.81,11.84,11.45,11.47,1103997,-0.34,0.39,-2.96,3.4,0.2,-1
2022-04-04,12.38,12.44,11.63,11.77,2330957,-0.61,0.8,-5.18,6.84,0.4,-1
2022-04-01,12.27,12.62,11.98,12.34,2405805,0.07,0.63,0.57,5.15,0.32,1
2022-03-31,11.9,12.23,11.9,12.08,2091624,0.18,0.33,1.49,2.73,0.17,1
2022-03-30,11.7,12.12,11.67,11.9,1154020,0.2,0.45,1.68,3.78,0.22,1
2022-03-29,11.57,11.72,11.14,11.6,2640533,0.03,0.58,0.26,5.0,0.29,-1
2022-03-28,12.35,12.4,11.57,11.96,2297630,-0.39,0.83,-3.26,6.94,0.42,-1
2022-03-25,12.6,12.67,12.01,12.28,1499644,-0.32,0.66,-2.61,5.37,0.33,-1
2022-03-24,12.0,12.67,11.95,12.47,2741586,0.47,0.72,3.77,5.77,0.36,1
2022-03-23,11.78,11.99,11.65,11.98,1721812,0.2,0.34,1.67,2.84,0.17,1
2022-03-22,11.98,12.19,11.73,11.75,1015342,-0.23,0.46,-1.96,3.91,0.23,-1
2022-03-21,11.48,11.98,11.42,11.94,1475446,0.46,0.56,3.85,4.69,0.28,1
2022-03-18,11.37,11.54,11.25,11.42,1304450,0.05,0.29,0.44,2.54,0.14,-1
2022-03-17,11.15,11.49,11.11,11.46,1343441,0.31,0.38,2.71,3.32,0.19,1
2022-03-16,11.09,11.3,10.67,11.17,2548124,0.08,0.63,0.72,5.64,0.32,1
2022-03-15,10.97,11.42,10.31,11.05,1371335,0.08,1.11,0.72,10.05,0.55,1
2022-03-14,12.25,12.37,10.82,10.92,3198478,-1.33,1.54,-12.18,14.15,0.77,-1
2022-03-11,11.79,12.39,11.45,12.18,3858461,0.39,0.94,3.2,7.72,0.47,1
2022-03-10,10.69,11.74,10.69,11.58,4395333,0.89,1.05,7.69,9.07,0.53,1
2022-03-09,10.51,10.78,10.39,10.75,1035659,0.24,0.39,2.23,3.67,0.2,1
2022-03-08,10.5,10.66,10.21,10.46,2018222,-0.04,0.44,-0.38,4.25,0.22,-1
2022-03-07,10.8,11.43,10.51,10.59,2495794,-0.21,0.92,-1.98,8.69,0.46,1
2022-03-04,10.88,10.88,10.37,10.5,1711618,-0.38,0.51,-3.62,4.86,0.26,-1
2022-03-03,10.0,10.73,9.96,10.72,1582486,0.72,0.77,6.72,7.18,0.38,1
2022-03-02,10.19,10.54,9.95,10.01,1371273,-0.18,0.6,-1.8,5.94,0.3,-1
2022-03-01,9.57,10.2,9.5,10.19,1716998,0.62,0.7,6.08,6.87,0.35,1
2022-02-28,9.3,9.56,9.17,9.56,1202556,0.26,0.39,2.72,4.08,0.2,1
2022-02-25,9.14,9.4,9.06,9.28,1832807,0.14,0.34,1.51,3.66,0.17,1
2022-02-24,8.2,9.14,8.18,9.14,1922766,0.94,0.96,10.28,10.5,0.48,1
2022-02-23,8.47,8.54,8.25,8.33,851533,-0.14,0.29,-1.68,3.48,0.14,-1
2022-02-22,8.32,8.44,8.09,8.37,656350,0.05,0.35,0.6,4.18,0.17,1
2022-02-18,8.3,8.71,8.29,8.36,771408,0.06,0.42,0.72,5.02,0.21,1
2022-02-17,8.51,8.53,8.25,8.28,444499,-0.23,0.28,-2.78,3.38,0.14,-1
2022-02-16,8.26,8.58,8.25,8.56,439480,0.3,0.33,3.5,3.86,0.17,1
2022-02-15,8.15,8.35,8.15,8.31,446613,0.16,0.2,1.93,2.35,0.1,1
2022-02-14,8.15,8.21,8.0,8.1,505860,-0.05,0.21,-0.62,2.59,0.11,-1
2022-02-11,8.19,8.32,8.08,8.12,328038,-0.07,0.24,-0.86,2.96,0.12,-1
2022-02-10,8.04,8.3,8.0,8.16,1254739,0.12,0.3,1.47,3.68,0.15,-1
2022-02-09,8.19,8.29,8.11,8.21,630046,0.02,0.18,0.24,2.19,0.09,1
2022-02-08,8.05,8.12,7.88,8.04,982912,-0.01,0.24,-0.12,2.99,0.12,-1
2022-02-07,7.94,8.1,7.86,8.07,1242062,0.13,0.24,1.61,2.97,0.12,1
2022-02-04,7.86,7.93,7.72,7.91,452824,0.05,0.21,0.63,2.69,0.11,1
2022-02-03,7.9,8.0,7.82,7.84,792654,-0.06,0.18,-0.77,2.36,0.09,-1
2022-02-02,8.2,8.32,7.97,8.07,421659,-0.13,0.35,-1.61,4.4,0.18,-1
2022-02-01,8.1,8.34,8.07,8.22,519236,0.12,0.26,1.46,3.22,0.13,1
2022-01-31,7.87,8.11,7.8,8.1,508529,0.23,0.3,2.84,3.77,0.15,1
2022-01-28,7.71,7.99,7.64,7.89,1250855,0.18,0.35,2.28,4.44,0.18,1
2022-01-27,7.68,7.86,7.54,7.72,1009098,0.04,0.32,0.52,4.08,0.16,1
2022-01-26,7.65,7.74,7.48,7.6,720467,-0.05,0.25,-0.66,3.36,0.13,1
2022-01-25,7.28,7.57,7.2,7.55,725431,0.27,0.37,3.58,4.9,0.19,1
2022-01-24,7.15,7.49,7.04,7.47,924197,0.32,0.45,4.28,6.02,0.23,1
2022-01-21,7.32,7.46,7.15,7.28,1490819,-0.04,0.31,-0.55,4.33,0.16,-1
2022-01-20,7.33,7.63,7.3,7.44,2097302,0.11,0.33,1.48,4.44,0.17,1
2022-01-19,7.3,7.45,7.25,7.27,586702,-0.03,0.2,-0.41,2.75,0.1,-1
2022-01-18,7.45,7.48,7.28,7.29,484070,-0.16,0.2,-2.19,2.74,0.1,-1
2022-01-14,7.5,7.65,7.35,7.53,520762,0.03,0.3,0.4,3.98,0.15,-1
2022-01-13,7.74,7.82,7.54,7.54,716258,-0.2,0.28,-2.65,3.71,0.14,-1
2022-01-12,7.75,7.83,7.54,7.68,1540640,-0.07,0.29,-0.91,3.76,0.14,1
2022-01-11,7.52,7.68,7.51,7.67,1021183,0.15,0.17,1.96,2.22,0.08,1
2022-01-10,7.5,7.61,7.3,7.49,955027,-0.01,0.31,-0.13,4.07,0.15,-1
2022-01-07,7.48,7.6,7.44,7.5,1741595,0.02,0.16,0.27,2.12,0.08,1
2022-01-06,7.42,7.54,7.36,7.46,765889,0.04,0.17,0.54,2.35,0.09,1
2022-01-05,7.74,7.81,7.45,7.45,690015,-0.29,0.36,-3.89,4.83,0.18,-1
2022-01-04,7.79,7.99,7.66,7.69,636486,-0.1,0.33,-1.3,4.29,0.17,-1
2022-01-03,7.76,8.04,7.64,7.72,1127467,-0.04,0.39,-0.52,5.1,0.2,1
2021-12-31,7.58,7.74,7.51,7.68,520124,0.1,0.24,1.3,3.06,0.12,1
2021-12-30,7.43,7.66,7.42,7.57,689302,0.14,0.24,1.85,3.17,0.12,1
2021-12-29,7.64,7.67,7.43,7.45,542770,-0.19,0.24,-2.55,3.22,0.12,-1
2021-12-28,7.49,7.69,7.48,7.63,659618,0.14,0.21,1.83,2.75,0.1,1
2021-12-27,7.23,7.55,7.18,7.54,651603,0.31,0.37,4.11,4.91,0.19,1
2021-12-23,7.15,7.3,7.15,7.25,574924,0.1,0.15,1.38,2.14,0.08,1
2021-12-22,7.13,7.25,7.12,7.17,756914,0.04,0.13,0.56,1.81,0.06,1
2021-12-21,6.87,7.22,6.87,7.14,996308,0.27,0.35,3.78,4.97,0.18,1
2021-12-20,6.97,7.0,6.78,6.84,2025880,-0.13,0.22,-1.9,3.22,0.11,-1
2021-12-17,7.09,7.26,6.98,7.13,1177003,0.04,0.27,0.56,3.86,0.14,-1
2021-12-16,7.41,7.44,7.16,7.17,951755,-0.24,0.28,-3.35,3.91,0.14,-1
2021-12-15,7.19,7.35,7.03,7.32,1385318,0.13,0.32,1.78,4.35,0.16,1
2021-12-14,7.34,7.42,7.16,7.17,1209591,-0.17,0.26,-2.37,3.7,0.13,-1
2021-12-13,7.59,7.63,7.38,7.38,667701,-0.21,0.25,-2.85,3.39,0.12,-1
2021-12-10,7.82,7.86,7.62,7.67,703595,-0.15,0.24,-1.96,3.13,0.12,-1
2021-12-09,8.0,8.1,7.73,7.73,629063,-0.27,0.38,-3.49,4.85,0.19,-1
2021-12-08,8.18,8.26,8.02,8.03,704611,-0.15,0.24,-1.87,2.99,0.12,-1
2021-12-07,8.03,8.24,7.99,8.19,1089099,0.16,0.25,1.95,3.05,0.12,1
2021-12-06,7.85,8.02,7.76,7.94,959298,0.09,0.26,1.13,3.27,0.13,1
2021-12-03,8.07,8.21,7.76,7.82,1229980,-0.25,0.45,-3.26,5.69,0.22,-1
2021-12-02,7.74,8.05,7.73,8.02,1055160,0.28,0.32,3.49,3.94,0.16,1
2021-12-01,8.07,8.42,7.64,7.66,2385393,-0.41,0.78,-5.35,10.18,0.39,-1
2021-11-30,7.7,7.97,7.45,7.81,14949412,0.11,0.52,1.41,6.66,0.26,1
2021-11-29,7.84,7.86,7.5,7.77,2510083,-0.07,0.37,-0.9,4.7,0.18,1
2021-11-26,8.0,8.09,7.59,7.65,1577657,-0.35,0.5,-4.58,6.5,0.25,-1
2021-11-24,8.11,8.33,7.99,8.21,2294677,0.1,0.34,1.22,4.14,0.17,1
2021-11-23,8.42,8.44,8.1,8.17,1603422,-0.25,0.34,-3.06,4.22,0.17,-1
2021-11-22,8.7,8.73,8.33,8.33,2107450,-0.37,0.4,-4.44,4.8,0.2,-1
2021-11-19,9.16,9.16,8.73,8.73,981430,-0.43,0.43,-4.93,4.93,0.21,-1
2021-11-18,9.35,9.42,9.16,9.16,878287,-0.19,0.26,-2.02,2.84,0.13,-1
2021-11-17,9.76,9.84,9.27,9.34,1020696,-0.42,0.57,-4.5,6.1,0.29,-1
2021-11-16,10.2,10.2,9.75,9.76,1448915,-0.44,0.45,-4.51,4.61,0.22,-1
2021-11-15,10.3,10.31,10.0,10.21,1111355,-0.09,0.31,-0.88,3.04,0.16,-1
2021-11-12,9.8,10.29,9.77,10.25,2132449,0.45,0.52,4.39,5.07,0.26,1
2021-11-11,9.6,10.42,9.6,9.9,2632025,0.29,0.81,2.98,8.23,0.41,1
2021-11-10,9.33,9.66,9.23,9.46,946266,0.13,0.43,1.37,4.55,0.21,1
2021-11-09,9.09,9.44,9.02,9.4,738807,0.31,0.42,3.3,4.46,0.21,1
2021-11-08,9.17,9.23,9.07,9.14,654454,-0.03,0.16,-0.33,1.75,0.08,-1
2021-11-05,9.07,9.19,8.94,9.14,657963,0.07,0.25,0.77,2.74,0.12,1
2021-11-04,8.9,8.9,8.71,8.89,503181,-0.01,0.19,-0.11,2.14,0.09,1
2021-11-03,8.62,8.93,8.52,8.83,469831,0.21,0.41,2.38,4.64,0.21,1
2021-11-02,8.78,8.8,8.51,8.65,764055,-0.13,0.29,-1.5,3.41,0.15,-1
2021-11-01,8.76,9.02,8.73,8.82,662056,0.06,0.29,0.68,3.29,0.14,1
2021-10-29,8.92,8.92,8.68,8.76,840800,-0.16,0.24,-1.83,2.8,0.12,-1
2021-10-28,9.01,9.03,8.58,8.92,1148309,-0.09,0.45,-1.01,5.04,0.22,-1
2021-10-27,9.42,9.68,9.04,9.11,812201,-0.31,0.63,-3.4,6.97,0.32,-1
2021-10-26,9.21,9.45,9.07,9.41,1347594,0.2,0.38,2.13,4.04,0.19,1
2021-10-25,9.13,9.15,8.99,9.12,905663,-0.01,0.16,-0.11,1.81,0.08,1
2021-10-22,9.14,9.2,8.97,9.08,859423,-0.06,0.23,-0.66,2.59,0.12,-1
2021-10-21,9.58,9.77,9.18,9.24,625903,-0.34,0.59,-3.68,6.44,0.3,-1
2021-10-20,9.46,9.68,9.42,9.61,991116,0.15,0.26,1.56,2.71,0.13,1
2021-10-19,9.65,9.74,9.41,9.5,713791,-0.15,0.33,-1.58,3.42,0.16,-1
2021-10-18,9.83,10.17,9.55,9.64,1789314,-0.19,0.62,-1.97,6.43,0.31,1
2021-10-15,8.75,8.98,8.65,8.93,824088,0.18,0.33,2.02,3.64,0.16,1
2021-10-14,8.71,8.76,8.55,8.6,618839,-0.11,0.21,-1.28,2.41,0.1,-1
2021-10-13,8.95,9.01,8.63,8.63,510442,-0.32,0.38,-3.71,4.4,0.19,-1
2021-10-12,8.89,9.0,8.82,8.88,572805,-0.01,0.19,-0.11,2.08,0.09,1
2021-10-11,8.79,9.06,8.78,8.86,350971,0.07,0.28,0.79,3.16,0.14,1
2021-10-08,8.95,9.0,8.72,8.78,562116,-0.17,0.28,-1.94,3.19,0.14,-1
2021-10-07,8.69,8.86,8.66,8.84,426435,0.15,0.21,1.7,2.32,0.1,1
2021-10-06,8.7,8.78,8.46,8.69,616805,-0.01,0.32,-0.12,3.68,0.16,-1
2021-10-05,8.78,8.88,8.52,8.83,951490,0.05,0.36,0.57,4.08,0.18,1
2021-10-04,8.99,9.03,8.68,8.7,692651,-0.29,0.35,-3.33,4.02,0.17,-1
2021-10-01,8.98,8.99,8.78,8.93,698503,-0.05,0.21,-0.56,2.41,0.11,-1
2021-09-30,8.87,9.08,8.84,9.03,580220,0.16,0.24,1.77,2.66,0.12,1
2021-09-29,9.05,9.09,8.81,8.84,571311,-0.21,0.28,-2.38,3.17,0.14,-1
2021-09-28,9.2,9.36,9.01,9.04,767676,-0.16,0.35,-1.77,3.87,0.17,-1
2021-09-27,9.22,9.37,9.15,9.18,486088,-0.04,0.22,-0.44,2.4,0.11,-1
2021-09-24,9.24,9.5,9.18,9.19,576526,-0.05,0.32,-0.54,3.48,0.16,-1
2021-09-23,9.19,9.46,9.15,9.3,614383,0.11,0.31,1.18,3.33,0.16,1
2021-09-22,9.29,9.33,9.12,9.15,586964,-0.14,0.21,-1.53,2.3,0.11,-1
2021-09-21,9.06,9.19,8.74,9.16,1600121,0.1,0.46,1.09,4.97,0.23,1
2021-09-20,9.95,9.95,8.86,9.03,1302034,-0.92,1.09,-10.19,12.07,0.54,-1
2021-09-17,10.38,10.48,10.13,10.21,1417211,-0.17,0.35,-1.67,3.43,0.17,-1
2021-09-16,10.1,10.5,10.04,10.42,1024764,0.32,0.46,3.07,4.41,0.23,1
2021-09-15,9.6,10.05,9.47,10.05,1463131,0.45,0.58,4.48,5.79,0.29,1
2021-09-14,9.5,9.82,9.36,9.7,1074556,0.2,0.46,2.06,4.79,0.23,1
2021-09-13,9.29,9.64,9.25,9.5,1121974,0.21,0.39,2.21,4.11,0.2,1
2021-09-10,9.25,9.6,9.22,9.22,1125298,-0.03,0.38,-0.33,4.12,0.19,1
2021-09-09,9.17,9.28,8.94,9.14,871610,-0.03,0.34,-0.33,3.69,0.17,-1
2021-09-08,9.34,9.44,9.04,9.22,755348,-0.12,0.4,-1.3,4.34,0.2,-1
2021-09-07,9.18,9.41,9.11,9.38,784754,0.2,0.3,2.13,3.2,0.15,1
2021-09-03,9.23,9.33,9.07,9.15,460417,-0.08,0.26,-0.87,2.84,0.13,-1
2021-09-02,9.34,9.4,9.15,9.18,553854,-0.16,0.25,-1.74,2.67,0.12,-1
2021-09-01,9.42,9.42,9.24,9.32,519533,-0.1,0.18,-1.07,1.93,0.09,-1
2021-08-31,9.37,9.49,9.29,9.35,991559,-0.02,0.21,-0.21,2.19,0.1,-1
2021-08-30,9.45,9.48,9.19,9.39,485746,-0.06,0.29,-0.64,3.08,0.14,-1
2021-08-27,9.23,9.42,9.2,9.4,678704,0.17,0.21,1.81,2.29,0.11,1
2021-08-26,9.19,9.35,9.13,9.2,600404,0.01,0.22,0.11,2.39,0.11,1
2021-08-25,9.37,9.41,9.12,9.18,449754,-0.19,0.29,-2.07,3.16,0.15,-1
2021-08-24,8.95,9.44,8.95,9.32,1108989,0.37,0.49,3.97,5.2,0.24,1
2021-08-23,8.84,9.05,8.84,8.9,835875,0.06,0.21,0.67,2.36,0.11,1
2021-08-20,8.75,8.79,8.66,8.75,503046,0.0,0.13,0.0,1.49,0.06,-1
2021-08-19,8.91,8.98,8.67,8.76,1704996,-0.15,0.31,-1.71,3.6,0.16,-1
2021-08-18,9.06,9.16,8.94,8.96,649504,-0.1,0.22,-1.12,2.46,0.11,-1
2021-08-17,9.0,9.16,8.92,9.08,1468354,0.08,0.24,0.88,2.64,0.12,-1
2021-08-16,9.01,9.17,8.94,9.12,756110,0.11,0.23,1.21,2.52,0.12,1
2021-08-13,9.9,10.29,8.95,9.05,1588472,-0.84,1.34,-9.34,14.81,0.67,-1
2021-08-12,9.95,10.36,9.83,10.31,766578,0.36,0.53,3.49,5.14,0.26,1
2021-08-11,10.18,10.18,9.96,10.0,666050,-0.18,0.22,-1.8,2.25,0.11,-1
2021-08-10,9.72,10.09,9.71,10.08,544525,0.36,0.38,3.57,3.77,0.19,1
2021-08-09,9.64,9.71,9.57,9.69,620687,0.05,0.14,0.52,1.44,0.07,1
2021-08-06,9.59,9.69,9.51,9.68,384853,0.09,0.18,0.93,1.86,0.09,1
2021-08-05,9.34,9.6,9.34,9.56,394142,0.22,0.26,2.3,2.72,0.13,1
2021-08-04,9.52,9.59,9.26,9.35,549947,-0.17,0.33,-1.82,3.53,0.17,-1
2021-08-03,9.38,9.53,9.29,9.52,619613,0.14,0.24,1.47,2.52,0.12,1
2021-08-02,9.58,9.6,9.29,9.38,700737,-0.2,0.31,-2.13,3.3,0.16,-1
2021-07-30,9.63,9.85,9.49,9.56,408281,-0.07,0.36,-0.73,3.71,0.18,-1
2021-07-29,9.58,9.79,9.5,9.65,462306,0.07,0.29,0.73,3.01,0.14,1
2021-07-28,9.27,9.5,9.17,9.49,421097,0.22,0.33,2.32,3.48,0.17,1
2021-07-27,9.46,9.46,9.08,9.22,569618,-0.24,0.38,-2.6,4.12,0.19,-1
2021-07-26,9.16,9.55,9.14,9.53,1286284,0.37,0.41,3.88,4.3,0.21,1
2021-07-23,9.09,9.2,9.04,9.1,741753,0.01,0.16,0.11,1.76,0.08,-1
2021-07-22,9.35,9.44,9.16,9.18,391438,-0.17,0.28,-1.85,3.0,0.14,-1
2021-07-21,9.31,9.41,9.25,9.32,473340,0.01,0.16,0.11,1.73,0.08,1
2021-07-20,8.97,9.23,8.95,9.22,820956,0.25,0.28,2.71,3.04,0.14,1
2021-07-19,9.03,9.07,8.93,9.01,553156,-0.02,0.14,-0.22,1.61,0.07,-1
2021-07-16,9.5,9.61,9.21,9.25,426567,-0.25,0.4,-2.7,4.32,0.2,-1
2021-07-15,9.35,9.5,9.3,9.42,729791,0.07,0.2,0.74,2.12,0.1,1
2021-07-14,9.58,9.72,9.35,9.38,721224,-0.2,0.37,-2.13,3.89,0.18,-1
2021-07-13,9.58,9.65,9.35,9.57,655450,-0.01,0.3,-0.1,3.13,0.15,1
2021-07-12,9.54,9.65,9.42,9.54,682156,0.0,0.23,0.0,2.41,0.12,-1
2021-07-09,9.27,9.64,9.27,9.54,617361,0.27,0.37,2.83,3.83,0.18,1
2021-07-08,9.41,9.43,9.13,9.28,1255095,-0.13,0.3,-1.4,3.23,0.15,-1
2021-07-07,9.77,9.83,9.26,9.54,1714544,-0.23,0.57,-2.41,5.97,0.29,-1
2021-07-06,10.13,10.13,9.8,9.83,866525,-0.3,0.34,-3.05,3.41,0.17,-1
2021-07-02,10.14,10.2,9.99,10.06,755895,-0.08,0.2,-0.8,2.01,0.1,-1
2021-07-01,10.14,10.2,9.94,10.15,950936,0.01,0.26,0.1,2.56,0.13,1
2021-06-30,10.03,10.24,9.89,10.04,1841648,0.01,0.35,0.1,3.49,0.17,-1
2021-06-29,10.08,10.15,9.92,10.04,1054450,-0.04,0.23,-0.4,2.29,0.12,-1
2021-06-28,10.26,10.3,9.63,10.08,1638749,-0.18,0.67,-1.79,6.65,0.34,-1
2021-06-25,11.34,11.35,10.19,10.23,2950745,-1.11,1.16,-10.85,11.34,0.58,-1
2021-06-24,11.22,11.42,11.08,11.37,456926,0.15,0.34,1.32,2.99,0.17,1
2021-06-23,11.15,11.39,11.1,11.2,544260,0.05,0.29,0.45,2.59,0.15,1
2021-06-22,11.0,11.16,10.82,11.08,641062,0.08,0.34,0.72,3.04,0.17,1
2021-06-21,10.96,11.09,10.9,11.06,414211,0.1,0.19,0.9,1.72,0.09,1
2021-06-18,10.71,10.93,10.71,10.88,959269,0.17,0.22,1.56,2.02,0.11,1
2021-06-17,11.15,11.17,10.63,10.87,772745,-0.28,0.54,-2.58,4.97,0.27,-1
2021-06-16,11.13,11.36,11.06,11.23,2709674,0.1,0.29,0.89,2.63,0.15,1
2021-06-15,11.12,11.23,10.78,11.15,1108362,0.03,0.45,0.27,4.04,0.23,1
2021-06-14,11.77,11.77,11.08,11.11,869810,-0.66,0.7,-5.94,6.26,0.35,-1
2021-06-11,11.45,11.74,11.37,11.74,2005105,0.29,0.37,2.47,3.14,0.18,1
2021-06-10,11.46,11.55,11.41,11.43,1090196,-0.03,0.14,-0.26,1.22,0.07,-1
2021-06-09,11.31,11.51,11.24,11.5,930317,0.19,0.27,1.65,2.35,0.13,1
2021-06-08,11.47,11.51,11.3,11.39,999567,-0.08,0.21,-0.7,1.89,0.11,-1
2021-06-07,11.37,11.59,11.37,11.49,826963,0.12,0.22,1.04,1.91,0.11,1
2021-06-04,11.28,11.39,11.15,11.39,765328,0.11,0.24,0.97,2.11,0.12,1
2021-06-03,11.08,11.21,11.05,11.17,791147,0.09,0.16,0.81,1.43,0.08,-1
2021-06-02,11.14,11.28,10.95,11.21,2125983,0.07,0.33,0.62,2.9,0.16,1
2021-06-01,10.7,11.13,10.7,11.09,1160255,0.39,0.43,3.52,3.88,0.22,1
2021-05-28,10.18,10.63,10.17,10.63,1341216,0.45,0.46,4.23,4.33,0.23,1
2021-05-27,10.61,10.62,10.14,10.21,11231828,-0.4,0.48,-3.92,4.7,0.24,-1
2021-05-26,10.51,10.7,10.51,10.58,1847503,0.07,0.19,0.66,1.8,0.09,1
2021-05-25,10.66,10.76,10.42,10.48,3550719,-0.18,0.34,-1.72,3.2,0.17,-1
2021-05-24,10.55,10.76,10.5,10.66,1180779,0.11,0.26,1.03,2.44,0.13,1
2021-05-21,10.44,10.79,10.18,10.46,1838052,0.02,0.61,0.19,5.83,0.3,1
2021-05-20,10.63,10.64,10.43,10.44,1022573,-0.19,0.21,-1.82,2.01,0.11,-1
2021-05-19,10.58,10.88,10.42,10.6,1429292,0.02,0.46,0.19,4.34,0.23,1
2021-05-18,10.44,10.78,10.37,10.59,1806894,0.15,0.41,1.42,3.82,0.2,1
2021-05-17,10.15,10.58,10.11,10.38,2180814,0.23,0.46,2.22,4.48,0.23,1
2021-05-14,9.75,10.38,9.67,10.08,2084412,0.33,0.71,3.27,7.03,0.35,1
2021-05-13,9.79,9.85,9.38,9.58,753876,-0.21,0.47,-2.19,4.91,0.23,-1
2021-05-12,9.86,10.06,9.79,9.83,1077823,-0.03,0.27,-0.31,2.75,0.14,1
2021-05-11,10.02,10.07,9.6,9.8,808258,-0.22,0.47,-2.24,4.8,0.24,-1
2021-05-10,10.01,10.2,9.94,9.97,1190288,-0.04,0.26,-0.4,2.61,0.13,1
2021-05-07,9.38,10.03,9.38,9.88,1332577,0.5,0.65,5.06,6.58,0.32,1
2021-05-06,9.51,9.51,9.25,9.4,596297,-0.11,0.26,-1.17,2.77,0.13,1
2021-05-05,9.2,9.36,9.19,9.34,517947,0.14,0.17,1.5,1.77,0.08,1
2021-05-04,9.35,9.35,9.14,9.19,313723,-0.16,0.21,-1.74,2.29,0.1,-1
2021-05-03,9.35,9.42,9.26,9.35,320512,0.0,0.16,0.0,1.71,0.08,1
2021-04-30,9.38,9.43,9.31,9.31,524000,-0.07,0.12,-0.75,1.29,0.06,-1
2021-04-29,9.59,9.63,9.24,9.41,447934,-0.18,0.39,-1.91,4.14,0.19,-1
2021-04-28,9.33,9.64,9.33,9.55,719221,0.22,0.3,2.3,3.19,0.15,1
2021-04-27,9.12,9.39,9.01,9.29,856647,0.17,0.38,1.83,4.09,0.19,1
2021-04-26,8.8,9.14,8.71,9.11,482327,0.31,0.43,3.4,4.72,0.21,1
2021-04-23,8.7,8.85,8.68,8.8,253749,0.1,0.17,1.14,1.93,0.08,1
2021-04-22,8.93,8.95,8.71,8.71,380932,-0.22,0.24,-2.53,2.76,0.12,-1
2021-04-21,8.74,8.98,8.73,8.93,296013,0.19,0.25,2.13,2.8,0.12,1
2021-04-20,8.9,8.95,8.6,8.68,461181,-0.22,0.35,-2.53,4.03,0.17,-1
2021-04-19,9.06,9.08,8.95,8.97,693902,-0.09,0.13,-1.0,1.45,0.06,-1
2021-04-16,8.94,9.1,8.79,9.03,633688,0.09,0.31,1.0,3.43,0.16,1
2021-04-15,8.7,8.97,8.67,8.92,921889,0.22,0.3,2.47,3.36,0.15,1
2021-04-14,8.22,8.7,8.22,8.67,1209807,0.45,0.48,5.19,5.54,0.24,1
2021-04-13,8.24,8.28,8.12,8.15,223777,-0.09,0.17,-1.1,2.02,0.08,-1
2021-04-12,8.24,8.28,8.21,8.25,337639,0.01,0.07,0.12,0.85,0.03,1
2021-04-09,8.24,8.24,8.1,8.21,471005,-0.03,0.14,-0.37,1.66,0.07,-1
2021-04-08,8.12,8.32,8.1,8.26,438994,0.14,0.22,1.69,2.66,0.11,1
2021-04-07,8.15,8.24,8.02,8.09,789308,-0.06,0.22,-0.74,2.72,0.11,-1
2021-04-06,7.78,8.24,7.78,8.17,513086,0.39,0.46,4.77,5.63,0.23,1
2021-04-05,7.91,7.95,7.58,7.75,600054,-0.16,0.37,-2.06,4.77,0.19,-1
2021-04-01,7.86,7.9,7.78,7.85,200940,-0.01,0.12,-0.13,1.53,0.06,-1
2021-03-31,7.93,8.03,7.84,7.86,489674,-0.07,0.19,-0.89,2.42,0.09,-1
2021-03-30,7.81,8.01,7.8,7.9,323105,0.09,0.21,1.14,2.59,0.1,1
2021-03-29,7.64,7.79,7.52,7.79,881330,0.15,0.26,1.93,3.4,0.13,-1
2021-03-26,8.08,8.1,7.75,7.91,511791,-0.17,0.35,-2.15,4.42,0.17,-1
2021-03-25,8.05,8.13,7.89,7.99,343632,-0.06,0.24,-0.75,3.0,0.12,-1
2021-03-24,8.29,8.36,8.12,8.12,469599,-0.17,0.24,-2.09,2.96,0.12,-1
2021-03-23,8.57,8.58,8.28,8.28,530600,-0.29,0.3,-3.5,3.62,0.15,-1
2021-03-22,8.67,8.71,8.51,8.58,650575,-0.09,0.2,-1.05,2.33,0.1,-1
2021-03-19,8.6,8.84,8.54,8.64,862422,0.04,0.29,0.46,3.41,0.15,1
2021-03-18,8.77,8.88,8.61,8.63,395052,-0.14,0.27,-1.62,3.13,0.14,-1
2021-03-17,8.85,8.91,8.73,8.8,565698,-0.05,0.18,-0.57,2.05,0.09,-1
2021-03-16,9.0,9.11,8.79,8.81,1011611,-0.19,0.32,-2.16,3.63,0.16,-1
2021-03-15,9.29,9.64,8.89,8.96,531306,-0.33,0.75,-3.68,8.37,0.38,-1
2021-03-12,9.0,9.24,8.9,9.01,669647,0.01,0.34,0.11,3.72,0.17,1
2021-03-11,8.68,9.03,8.68,9.0,946969,0.32,0.35,3.56,3.89,0.17,1
2021-03-10,8.49,9.12,8.47,8.68,620692,0.19,0.65,2.19,7.52,0.33,1
2021-03-09,8.25,8.55,8.17,8.4,412636,0.15,0.38,1.79,4.52,0.19,1
2021-03-08,8.29,8.57,8.24,8.26,375190,-0.03,0.33,-0.36,4.0,0.17,-1
2021-03-05,8.25,8.38,8.15,8.28,869285,0.03,0.23,0.36,2.78,0.12,1
2021-03-04,8.16,8.38,8.06,8.19,477210,0.03,0.32,0.37,3.91,0.16,-1
2021-03-03,8.17,8.37,8.12,8.19,470387,0.02,0.25,0.24,3.05,0.12,-1
2021-03-02,8.4,8.4,8.13,8.21,704509,-0.19,0.27,-2.31,3.29,0.13,-1
2021-03-01,8.36,8.7,8.31,8.34,1080168,-0.02,0.39,-0.24,4.68,0.19,1
2021-02-26,8.25,8.28,7.97,8.25,995052,0.0,0.31,0.0,3.76,0.15,-1
2021-02-25,8.45,8.6,8.22,8.28,530631,-0.17,0.38,-2.05,4.58,0.19,-1
2021-02-24,8.23,8.44,8.14,8.42,400690,0.19,0.3,2.26,3.56,0.15,1
2021-02-23,8.28,8.39,8.1,8.23,158581,-0.05,0.29,-0.61,3.52,0.14,-1
2021-02-22,8.34,8.39,8.19,8.34,318908,0.0,0.2,0.0,2.4,0.1,-1
2021-02-19,8.21,8.41,8.13,8.34,194681,0.13,0.28,1.56,3.36,0.14,1
2021-02-18,8.39,8.44,8.18,8.21,180200,-0.18,0.26,-2.19,3.17,0.13,-1
2021-02-17,8.44,8.44,8.27,8.39,163751,-0.05,0.17,-0.6,2.03,0.08,1
2021-02-16,8.26,8.48,8.26,8.38,257974,0.12,0.22,1.43,2.63,0.11,1
2021-02-12,8.18,8.22,8.09,8.2,288527,0.02,0.13,0.24,1.59,0.07,-1
2021-02-11,8.24,8.32,8.13,8.26,180738,0.02,0.18,0.24,2.24,0.09,1
2021-02-10,8.33,8.53,8.2,8.24,195140,-0.09,0.33,-1.09,4.0,0.17,-1
2021-02-09,8.23,8.31,8.12,8.29,328008,0.06,0.19,0.72,2.29,0.1,1
2021-02-08,8.09,8.35,8.09,8.19,230124,0.1,0.26,1.22,3.17,0.13,1
2021-02-05,8.02,8.19,7.99,8.07,291842,0.05,0.2,0.62,2.48,0.1,1
2021-02-04,7.9,8.03,7.88,7.97,307899,0.07,0.15,0.88,1.88,0.07,1
2021-02-03,7.88,7.96,7.78,7.92,310157,0.04,0.18,0.51,2.34,0.09,1
2021-02-02,7.57,7.87,7.57,7.86,302889,0.29,0.3,3.69,3.82,0.15,1
2021-02-01,7.52,7.68,7.44,7.53,282332,0.01,0.24,0.13,3.19,0.12,1
2021-01-29,7.32,7.59,7.3,7.46,437677,0.14,0.29,1.88,3.89,0.15,1
2021-01-28,7.37,7.48,7.26,7.34,1440189,-0.03,0.22,-0.41,3.0,0.11,-1
2021-01-27,7.78,7.78,7.38,7.4,483059,-0.38,0.4,-5.14,5.41,0.2,-1
2021-01-26,7.84,7.84,7.76,7.8,419103,-0.04,0.08,-0.51,1.03,0.04,-1
2021-01-25,7.75,7.85,7.63,7.8,381543,0.05,0.22,0.64,2.82,0.11,1
2021-01-22,7.62,7.79,7.48,7.75,355077,0.13,0.31,1.68,4.0,0.15,-1
2021-01-21,8.02,8.06,7.69,7.76,266748,-0.26,0.37,-3.35,4.74,0.18,-1
2021-01-20,8.1,8.25,7.96,8.04,340435,-0.06,0.29,-0.75,3.61,0.15,-1
2021-01-19,8.0,8.25,7.92,8.04,374083,0.04,0.33,0.5,4.1,0.17,1
2021-01-15,7.87,8.07,7.87,7.97,484129,0.1,0.2,1.25,2.51,0.1,1
2021-01-14,7.77,8.38,7.75,7.87,867818,0.1,0.63,1.27,8.07,0.32,1
2021-01-13,7.44,7.94,7.44,7.75,1014252,0.31,0.5,4.0,6.45,0.25,1
2021-01-12,7.44,7.57,7.41,7.44,190719,0.0,0.16,0.0,2.15,0.08,1
2021-01-11,7.29,7.48,7.17,7.35,316949,0.06,0.31,0.82,4.16,0.15,1
2021-01-08,7.31,7.34,7.23,7.28,195234,-0.03,0.11,-0.41,1.58,0.06,-1
2021-01-07,7.18,7.35,7.17,7.34,218579,0.16,0.18,2.18,2.45,0.09,1
2021-01-06,7.1,7.33,7.1,7.18,447024,0.08,0.23,1.11,3.2,0.12,1
2021-01-05,7.13,7.2,6.98,7.07,236098,-0.06,0.22,-0.85,3.11,0.11,1
2021-01-04,6.88,7.1,6.88,7.03,313416,0.15,0.22,2.13,3.13,0.11,1
2020-12-31,6.6,6.81,6.53,6.8,138202,0.2,0.28,2.94,4.12,0.14,1
2020-12-30,6.58,6.73,6.52,6.59,216169,0.01,0.21,0.15,3.19,0.11,1
2020-12-29,6.23,6.57,6.23,6.52,203813,0.29,0.34,4.45,5.21,0.17,1
2020-12-28,6.01,6.28,6.0,6.27,155529,0.26,0.28,4.15,4.47,0.14,1
2020-12-24,6.16,6.16,5.98,6.0,47544,-0.16,0.18,-2.67,3.0,0.09,-1
2020-12-23,6.14,6.22,6.09,6.16,105025,0.02,0.13,0.32,2.11,0.06,1
2020-12-22,6.36,6.36,6.12,6.15,128615,-0.21,0.24,-3.41,3.9,0.12,-1
2020-12-21,6.24,6.42,6.14,6.37,234262,0.13,0.28,2.04,4.44,0.14,1
2020-12-18,6.1,6.36,6.06,6.32,294589,0.22,0.3,3.48,4.82,0.15,1
2020-12-17,6.23,6.27,6.09,6.11,114199,-0.12,0.18,-1.96,2.95,0.09,-1
2020-12-16,6.2,6.3,6.14,6.18,182903,-0.02,0.16,-0.32,2.57,0.08,-1
2020-12-15,6.09,6.2,5.82,6.18,228813,0.09,0.38,1.46,6.15,0.19,1
2020-12-14,6.37,6.44,6.11,6.12,110208,-0.25,0.33,-4.08,5.39,0.17,-1
2020-12-11,6.53,6.56,6.37,6.38,215137,-0.15,0.19,-2.35,2.98,0.09,-1
2020-12-10,6.41,6.68,6.36,6.56,411272,0.15,0.31,2.29,4.8,0.16,1
2020-12-09,6.33,6.45,6.28,6.42,265004,0.09,0.17,1.4,2.65,0.08,1
2020-12-08,6.24,6.43,6.21,6.35,147987,0.11,0.22,1.73,3.46,0.11,1
2020-12-07,6.34,6.34,6.24,6.26,116439,-0.08,0.1,-1.28,1.6,0.05,-1
2020-12-04,6.26,6.36,6.21,6.32,250238,0.06,0.15,0.95,2.37,0.08,1
2020-12-03,6.14,6.32,6.08,6.24,173030,0.1,0.25,1.6,3.93,0.12,1
2020-12-02,6.02,6.2,6.0,6.14,133790,0.12,0.2,1.95,3.26,0.1,1
2020-12-01,6.24,6.24,6.03,6.04,112016,-0.2,0.21,-3.31,3.48,0.1,-1
2020-11-30,6.16,6.2,6.11,6.18,195284,0.02,0.09,0.32,1.47,0.05,-1
2020-11-27,6.08,6.3,6.06,6.22,110415,0.14,0.24,2.25,3.86,0.12,1
2020-11-25,6.07,6.23,5.95,6.14,292907,0.07,0.28,1.14,4.56,0.14,1
2020-11-24,6.17,6.19,5.94,6.08,564853,-0.09,0.25,-1.48,4.11,0.12,-1
2020-11-23,6.02,6.2,5.97,6.12,480762,0.1,0.23,1.63,3.84,0.12,1
2020-11-20,5.77,6.04,5.77,6.03,874958,0.26,0.27,4.31,4.48,0.14,1
2020-11-19,5.62,5.78,5.6,5.75,287410,0.13,0.18,2.26,3.04,0.09,1
2020-11-18,5.45,5.76,5.42,5.6,518555,0.15,0.34,2.68,6.07,0.17,1
2020-11-17,5.34,5.48,5.28,5.45,477820,0.11,0.2,2.02,3.67,0.1,1
2020-11-16,5.32,5.49,5.32,5.4,444107,0.08,0.17,1.48,3.15,0.08,1
2020-11-13,5.08,5.55,5.08,5.23,318867,0.15,0.47,2.87,8.99,0.23,1
2020-11-12,5.05,5.08,4.86,4.99,112866,-0.06,0.22,-1.2,4.51,0.11,-1
2020-11-11,5.08,5.2,5.0,5.06,136274,-0.02,0.2,-0.4,3.93,0.1,-1
2020-11-10,4.88,5.13,4.84,5.08,147450,0.2,0.29,3.94,5.71,0.15,1
2020-11-09,4.83,5.02,4.78,4.84,138206,0.01,0.24,0.21,4.96,0.12,1
2020-11-06,4.79,4.84,4.7,4.72,71886,-0.07,0.14,-1.48,2.97,0.07,-1
2020-11-05,4.66,4.84,4.65,4.84,99771,0.18,0.19,3.72,3.93,0.09,1
2020-11-04,4.84,4.84,4.57,4.6,114338,-0.24,0.27,-5.22,5.87,0.13,-1
2020-11-03,4.9,4.94,4.84,4.86,65446,-0.04,0.1,-0.82,2.0,0.05,1
2020-11-02,4.85,4.92,4.75,4.85,151717,0.0,0.17,0.0,3.51,0.08,1
2020-10-30,4.67,4.84,4.57,4.84,176714,0.17,0.27,3.51,5.58,0.13,1
2020-10-29,4.74,4.75,4.56,4.67,179553,-0.07,0.19,-1.5,4.06,0.09,-1
2020-10-28,4.73,4.86,4.71,4.75,209505,0.02,0.15,0.42,3.18,0.08,-1
2020-10-27,4.92,4.92,4.71,4.8,155139,-0.12,0.21,-2.5,4.38,0.1,-1
2020-10-26,4.95,4.97,4.9,4.94,98798,-0.01,0.07,-0.2,1.52,0.04,-1
2020-10-23,4.96,5.04,4.91,4.98,139811,0.02,0.13,0.4,2.61,0.06,1
2020-10-22,4.97,4.97,4.88,4.96,78167,-0.01,0.09,-0.2,1.81,0.04,-1
2020-10-21,4.93,4.98,4.9,4.96,55415,0.03,0.08,0.6,1.61,0.04,1
2020-10-20,4.93,5.0,4.89,4.93,134441,0.0,0.11,0.0,2.23,0.06,1
2020-10-19,4.94,5.1,4.9,4.91,231781,-0.03,0.2,-0.61,4.07,0.1,-1
2020-10-16,4.99,5.02,4.88,4.98,112788,-0.01,0.14,-0.2,2.81,0.07,-1
2020-10-15,4.98,5.09,4.92,4.98,211866,0.0,0.17,0.0,3.41,0.08,-1
2020-10-14,4.99,5.05,4.93,5.0,144741,0.01,0.12,0.2,2.4,0.06,1
2020-10-13,4.91,4.97,4.81,4.95,104464,0.04,0.16,0.81,3.23,0.08,-1
2020-10-12,4.9,4.98,4.85,4.95,170388,0.05,0.13,1.01,2.63,0.07,1
2020-10-09,4.9,4.93,4.81,4.91,102634,0.01,0.12,0.2,2.44,0.06,1
2020-10-08,4.79,4.94,4.75,4.87,301829,0.08,0.19,1.64,3.9,0.1,1
2020-10-07,4.79,4.83,4.71,4.75,198826,-0.04,0.12,-0.84,2.53,0.06,-1
2020-10-06,4.75,4.8,4.67,4.75,269709,0.0,0.13,0.0,2.74,0.06,1
2020-10-05,4.77,4.85,4.69,4.73,356538,-0.04,0.16,-0.85,3.38,0.08,-1
2020-10-02,4.71,4.79,4.69,4.77,157665,0.06,0.1,1.26,2.1,0.05,-1
2020-10-01,4.73,4.84,4.67,4.79,244389,0.06,0.17,1.25,3.44,0.08,1
2020-09-30,4.57,4.69,4.57,4.67,148009,0.1,0.12,2.14,2.57,0.06,1
2020-09-29,4.61,4.68,4.55,4.57,433610,-0.04,0.13,-0.88,2.84,0.06,-1
2020-09-28,4.62,4.73,4.62,4.66,171690,0.04,0.11,0.86,2.43,0.06,1
2020-09-25,4.68,4.68,4.61,4.62,175975,-0.06,0.07,-1.3,1.62,0.04,-1
2020-09-24,4.7,4.79,4.6,4.71,183042,0.01,0.2,0.21,4.14,0.1,1
2020-09-23,4.76,4.8,4.66,4.7,330588,-0.06,0.14,-1.28,2.98,0.07,-1
2020-09-22,4.75,4.81,4.7,4.77,177644,0.02,0.11,0.42,2.31,0.05,1
2020-09-21,4.85,4.86,4.71,4.75,330432,-0.1,0.15,-2.11,3.16,0.08,-1
2020-09-18,5.01,5.04,4.82,4.93,497059,-0.08,0.22,-1.62,4.56,0.11,-1
2020-09-17,4.98,5.05,4.94,5.01,110063,0.03,0.11,0.6,2.2,0.05,1
2020-09-16,5.11,5.11,4.95,5.0,158394,-0.11,0.16,-2.2,3.2,0.08,-1
2020-09-15,5.09,5.13,4.96,5.05,164016,-0.04,0.17,-0.79,3.37,0.08,-1
2020-09-14,5.16,5.16,5.05,5.1,139880,-0.06,0.11,-1.18,2.16,0.06,-1
2020-09-11,5.19,5.19,5.04,5.11,184403,-0.08,0.15,-1.57,2.94,0.08,-1
2020-09-10,5.14,5.28,5.05,5.15,455587,0.01,0.23,0.19,4.47,0.12,-1
2020-09-09,5.09,5.29,5.07,5.15,408826,0.06,0.22,1.17,4.27,0.11,1
2020-09-08,5.07,5.15,4.97,5.07,171170,0.0,0.18,0.0,3.55,0.09,-1
2020-09-04,5.21,5.45,5.07,5.15,219999,-0.06,0.38,-1.17,7.38,0.19,-1
2020-09-03,5.02,5.26,5.02,5.15,188066,0.13,0.24,2.52,4.66,0.12,1
2020-09-02,5.25,5.25,5.03,5.08,228561,-0.17,0.22,-3.35,4.33,0.11,-1
2020-09-01,5.1,5.2,5.02,5.17,181900,0.07,0.18,1.35,3.38,0.09,1
2020-08-31,5.35,5.35,5.06,5.06,380570,-0.29,0.29,-5.73,5.73,0.15,-1
2020-08-28,5.17,5.38,5.11,5.36,228543,0.19,0.27,3.54,5.04,0.13,1
2020-08-27,5.07,5.25,5.0,5.15,198102,0.08,0.25,1.55,4.85,0.12,1
2020-08-26,5.07,5.27,5.05,5.06,239851,-0.01,0.22,-0.2,4.35,0.11,-1
2020-08-25,5.04,5.11,4.94,5.09,245752,0.05,0.17,0.98,3.24,0.08,1
2020-08-24,5.06,5.07,4.94,5.0,245933,-0.06,0.12,-1.2,2.5,0.06,-1
2020-08-21,4.94,5.1,4.94,5.05,350811,0.11,0.16,2.18,3.17,0.08,1
2020-08-20,4.9,5.03,4.88,4.96,219555,0.06,0.15,1.21,3.02,0.08,1
2020-08-19,4.94,5.06,4.91,4.95,201774,0.01,0.15,0.2,3.03,0.07,1
2020-08-18,4.85,4.98,4.83,4.94,170784,0.09,0.15,1.82,3.04,0.08,1
2020-08-17,5.03,5.03,4.76,4.84,256060,-0.19,0.27,-3.93,5.58,0.14,-1
2020-08-14,5.19,5.24,4.89,5.07,394724,-0.12,0.35,-2.37,6.9,0.18,-1
2020-08-13,4.91,5.09,4.81,5.08,677931,0.17,0.28,3.35,5.51,0.14,1
2020-08-12,4.69,4.93,4.66,4.89,341054,0.2,0.27,4.09,5.52,0.13,1
2020-08-11,4.71,4.83,4.62,4.66,297852,-0.05,0.21,-1.07,4.51,0.1,1
2020-08-10,4.51,4.7,4.46,4.49,249505,-0.02,0.24,-0.45,5.35,0.12,1
2020-08-07,4.45,4.48,4.32,4.43,68317,-0.02,0.16,-0.45,3.61,0.08,-1
2020-08-06,4.28,4.49,4.28,4.46,193156,0.18,0.21,4.04,4.71,0.1,1
2020-08-05,4.31,4.45,4.28,4.3,772387,-0.01,0.17,-0.23,3.95,0.08,1
2020-08-04,4.31,4.62,4.26,4.28,500941,-0.03,0.36,-0.7,8.41,0.18,-1
2020-08-03,4.17,4.34,4.11,4.32,220769,0.15,0.23,3.47,5.32,0.11,1
2020-07-31,4.23,4.25,4.09,4.18,185223,-0.05,0.16,-1.2,3.83,0.08,-1
2020-07-30,4.35,4.35,4.21,4.25,185150,-0.1,0.14,-2.35,3.29,0.07,-1
2020-07-29,4.5,4.51,4.4,4.4,116452,-0.1,0.11,-2.27,2.5,0.05,-1
2020-07-28,4.49,4.55,4.42,4.51,137173,0.02,0.13,0.44,2.88,0.06,-1
2020-07-27,4.49,4.54,4.38,4.51,110779,0.02,0.16,0.44,3.55,0.08,1
2020-07-24,4.78,4.78,4.49,4.49,100630,-0.29,0.29,-6.46,6.46,0.15,-1
2020-07-23,4.68,4.82,4.65,4.79,259244,0.11,0.17,2.3,3.55,0.08,1
2020-07-22,4.48,4.68,4.48,4.64,212910,0.16,0.2,3.45,4.31,0.1,1
2020-07-21,4.26,4.49,4.26,4.47,362692,0.21,0.23,4.7,5.15,0.12,1
2020-07-20,4.21,4.25,4.16,4.22,1289625,0.01,0.09,0.24,2.13,0.04,-1
2020-07-17,4.29,4.32,4.2,4.23,163991,-0.06,0.12,-1.42,2.84,0.06,-1
2020-07-16,4.37,4.37,4.23,4.29,207281,-0.08,0.14,-1.86,3.26,0.07,-1
2020-07-15,4.33,4.46,4.33,4.37,180279,0.04,0.13,0.92,2.97,0.06,1
2020-07-14,4.32,4.39,4.25,4.3,97304,-0.02,0.14,-0.47,3.26,0.07,-1
2020-07-13,4.33,4.48,4.19,4.32,214717,-0.01,0.29,-0.23,6.71,0.15,1
2020-07-10,4.16,4.27,4.13,4.26,138448,0.1,0.14,2.35,3.29,0.07,1
2020-07-09,4.34,4.39,4.16,4.16,175289,-0.18,0.23,-4.33,5.53,0.11,-1
2020-07-08,4.32,4.38,4.24,4.34,337667,0.02,0.14,0.46,3.23,0.07,-1
2020-07-07,4.46,4.46,4.33,4.34,112190,-0.12,0.13,-2.76,3.0,0.06,-1
2020-07-06,4.49,4.59,4.44,4.46,304448,-0.03,0.15,-0.67,3.36,0.07,1
2020-07-02,4.41,4.47,4.38,4.43,182597,0.02,0.09,0.45,2.03,0.04,1
2020-07-01,4.32,4.42,4.32,4.34,283915,0.02,0.1,0.46,2.3,0.05,-1
2020-06-30,4.32,4.38,4.26,4.34,301927,0.02,0.12,0.46,2.76,0.06,1
2020-06-29,4.32,4.46,4.29,4.32,263780,0.0,0.17,0.0,3.94,0.08,-1
2020-06-26,4.38,4.44,4.31,4.32,193983,-0.06,0.13,-1.39,3.01,0.07,-1
2020-06-25,4.36,4.47,4.35,4.42,183832,0.06,0.12,1.36,2.71,0.06,1
2020-06-24,4.5,4.5,4.37,4.41,208047,-0.09,0.13,-2.04,2.95,0.06,-1
2020-06-23,4.61,4.68,4.48,4.54,185525,-0.07,0.2,-1.54,4.41,0.1,-1
2020-06-22,4.6,4.61,4.41,4.58,306082,-0.02,0.2,-0.44,4.37,0.1,-1
2020-06-19,4.68,4.76,4.54,4.59,261927,-0.09,0.22,-1.96,4.79,0.11,-1
2020-06-18,4.57,4.68,4.53,4.59,279851,0.02,0.15,0.44,3.27,0.07,-1
2020-06-17,4.86,4.9,4.63,4.63,239139,-0.23,0.27,-4.97,5.83,0.14,-1
2020-06-16,4.7,4.9,4.59,4.86,582012,0.16,0.31,3.29,6.38,0.16,1
2020-06-15,4.56,4.63,4.45,4.5,915399,-0.06,0.18,-1.33,4.0,0.09,-1
2020-06-12,4.67,4.8,4.66,4.66,347843,-0.01,0.14,-0.21,3.0,0.07,1
2020-06-11,4.4,4.69,4.4,4.54,785940,0.14,0.29,3.08,6.39,0.15,-1
2020-06-10,4.99,4.99,4.68,4.71,389666,-0.28,0.31,-5.94,6.58,0.16,-1
2020-06-09,5.31,5.35,4.94,4.96,496590,-0.35,0.41,-7.06,8.27,0.2,-1
2020-06-08,5.46,5.6,5.19,5.28,768941,-0.18,0.41,-3.41,7.77,0.2,1
2020-06-05,4.72,5.04,4.66,4.96,709355,0.24,0.38,4.84,7.66,0.19,1
2020-06-04,4.5,4.7,4.5,4.57,332718,0.07,0.2,1.53,4.38,0.1,1
2020-06-03,4.68,4.76,4.52,4.53,476849,-0.15,0.24,-3.31,5.3,0.12,-1
2020-06-02,4.47,4.7,4.44,4.64,449606,0.17,0.26,3.66,5.6,0.13,1
2020-06-01,4.28,4.5,4.2,4.36,403958,0.08,0.3,1.83,6.88,0.15,1
2020-05-29,4.24,4.33,4.09,4.31,612090,0.07,0.24,1.62,5.57,0.12,1
2020-05-28,4.19,4.38,4.11,4.28,502760,0.09,0.27,2.1,6.31,0.13,1
2020-05-27,4.0,4.28,4.0,4.23,486676,0.23,0.28,5.44,6.62,0.14,1
2020-05-26,4.15,4.27,3.98,4.01,836252,-0.14,0.29,-3.49,7.23,0.14,-1
2020-05-22,3.95,4.12,3.86,4.1,222976,0.15,0.26,3.66,6.34,0.13,1
2020-05-21,3.85,3.92,3.79,3.91,362728,0.06,0.13,1.53,3.32,0.06,1
2020-05-20,3.8,3.86,3.75,3.83,173027,0.03,0.11,0.78,2.87,0.05,1
2020-05-19,3.81,3.86,3.74,3.77,267651,-0.04,0.12,-1.06,3.18,0.06,-1
2020-05-18,3.63,3.81,3.63,3.81,315974,0.18,0.18,4.72,4.72,0.09,1
2020-05-15,3.62,3.89,3.54,3.63,634564,0.01,0.35,0.28,9.64,0.18,-1
2020-05-14,3.56,3.72,3.5,3.64,312883,0.08,0.22,2.2,6.04,0.11,-1
2020-05-13,3.76,3.79,3.57,3.64,344211,-0.12,0.22,-3.3,6.04,0.11,-1
2020-05-12,3.89,3.91,3.78,3.82,341638,-0.07,0.13,-1.83,3.4,0.07,-1
2020-05-11,3.77,3.92,3.73,3.89,436759,0.12,0.19,3.08,4.88,0.09,1
2020-05-08,3.91,3.96,3.75,3.77,631378,-0.14,0.21,-3.71,5.57,0.1,-1
2020-05-07,3.91,3.92,3.78,3.87,347281,-0.04,0.14,-1.03,3.62,0.07,1
2020-05-06,3.82,3.91,3.63,3.86,498115,0.04,0.28,1.04,7.25,0.14,1
2020-05-05,4.0,4.09,3.81,3.84,294096,-0.16,0.28,-4.17,7.29,0.14,-1
2020-05-04,3.75,3.91,3.66,3.9,1105632,0.15,0.25,3.85,6.41,0.12,1
2020-05-01,3.94,3.94,3.69,3.76,355244,-0.18,0.25,-4.79,6.65,0.12,-1
2020-04-30,3.98,4.0,3.89,3.99,232876,0.01,0.11,0.25,2.76,0.05,1
2020-04-29,4.03,4.14,3.95,3.98,387841,-0.05,0.19,-1.26,4.77,0.09,-1
2020-04-28,4.03,4.09,3.98,3.99,553421,-0.04,0.11,-1.0,2.76,0.05,-1
2020-04-27,4.09,4.1,4.0,4.03,164372,-0.06,0.1,-1.49,2.48,0.05,-1
2020-04-24,4.16,4.18,4.06,4.08,255054,-0.08,0.12,-1.96,2.94,0.06,-1
2020-04-23,4.03,4.16,3.99,4.15,169142,0.12,0.17,2.89,4.1,0.08,1
2020-04-22,3.96,4.04,3.8,4.03,681586,0.07,0.24,1.74,5.96,0.12,1
2020-04-21,4.0,4.01,3.87,3.91,346924,-0.09,0.14,-2.3,3.58,0.07,-1
2020-04-20,4.04,4.17,3.94,3.99,380845,-0.05,0.23,-1.25,5.76,0.12,-1
2020-04-17,4.0,4.08,3.96,4.06,293504,0.06,0.12,1.48,2.96,0.06,1
2020-04-16,3.97,4.02,3.93,3.99,201762,0.02,0.09,0.5,2.26,0.04,-1
2020-04-15,4.03,4.08,3.86,4.01,283180,-0.02,0.22,-0.5,5.49,0.11,-1
2020-04-14,4.1,4.27,3.89,4.16,552750,0.06,0.38,1.44,9.13,0.19,1
2020-04-13,4.55,4.62,4.09,4.15,389669,-0.4,0.53,-9.64,12.77,0.27,-1
2020-04-09,4.32,4.63,4.28,4.55,268455,0.23,0.35,5.05,7.69,0.17,1
2020-04-08,4.15,4.3,4.14,4.27,171294,0.12,0.16,2.81,3.75,0.08,1
2020-04-07,3.91,4.24,3.91,4.14,181934,0.23,0.33,5.56,7.97,0.17,1
2020-04-06,3.66,3.96,3.59,3.88,383722,0.22,0.37,5.67,9.54,0.19,1
2020-04-03,3.6,3.62,3.31,3.61,329492,0.01,0.31,0.28,8.59,0.16,1
2020-04-02,3.5,3.7,3.41,3.56,728219,0.06,0.29,1.69,8.15,0.15,1
2020-04-01,3.78,3.83,3.54,3.55,661355,-0.23,0.29,-6.48,8.17,0.15,-1
2020-03-31,3.84,3.99,3.73,3.89,861685,0.05,0.26,1.29,6.68,0.13,-1
2020-03-30,4.1,4.18,3.8,3.89,495485,-0.21,0.38,-5.4,9.77,0.19,-1
2020-03-27,4.05,4.29,3.95,4.11,507549,0.06,0.34,1.46,8.27,0.17,-1
2020-03-26,4.1,4.18,3.92,4.13,835066,0.03,0.26,0.73,6.3,0.13,1
2020-03-25,4.12,4.23,3.98,4.11,1255256,-0.01,0.25,-0.24,6.08,0.13,1
2020-03-24,4.22,4.34,3.86,4.1,516532,-0.12,0.48,-2.93,11.71,0.24,-1
2020-03-23,4.0,4.33,3.99,4.1,472028,0.1,0.34,2.44,8.29,0.17,1
2020-03-20,4.1,4.26,3.96,4.08,1647343,-0.02,0.3,-0.49,7.35,0.15,1
2020-03-19,3.84,4.16,3.58,4.07,1932106,0.23,0.58,5.65,14.25,0.29,1
2020-03-18,4.28,4.33,3.68,3.87,3962264,-0.41,0.65,-10.59,16.8,0.32,-1
2020-03-17,4.81,4.94,4.5,4.56,599376,-0.25,0.44,-5.48,9.65,0.22,-1
2020-03-16,4.32,4.88,4.14,4.71,474802,0.39,0.74,8.28,15.71,0.37,-1
2020-03-13,5.45,5.45,4.51,5.06,469946,-0.39,0.94,-7.71,18.58,0.47,1
2020-03-12,4.87,4.87,4.2,4.46,365664,-0.41,0.67,-9.19,15.02,0.34,-1
2020-03-11,5.33,5.43,4.92,5.01,813480,-0.32,0.51,-6.39,10.18,0.25,-1
2020-03-10,5.4,5.5,5.19,5.37,399953,-0.03,0.31,-0.56,5.77,0.15,1
2020-03-09,6.15,6.15,5.18,5.24,1291864,-0.91,0.97,-17.37,18.51,0.49,-1
2020-03-06,6.87,6.94,6.68,6.8,411438,-0.07,0.26,-1.03,3.82,0.13,-1
2020-03-05,7.16,7.23,7.01,7.04,181096,-0.12,0.22,-1.7,3.13,0.11,-1
2020-03-04,7.17,7.43,7.16,7.32,196268,0.15,0.27,2.05,3.69,0.13,1
2020-03-03,7.29,7.48,7.02,7.08,233093,-0.21,0.46,-2.97,6.5,0.23,-1
2020-03-02,6.62,7.27,6.52,7.24,356440,0.62,0.75,8.56,10.36,0.38,1
2020-02-28,6.89,6.93,6.5,6.54,288588,-0.35,0.43,-5.35,6.57,0.21,-1
2020-02-27,6.96,7.09,6.7,7.04,317770,0.08,0.39,1.14,5.54,0.19,1
2020-02-26,7.25,7.31,6.96,7.0,243867,-0.25,0.35,-3.57,5.0,0.17,-1
2020-02-25,7.6,7.6,7.22,7.28,83713,-0.32,0.38,-4.4,5.22,0.19,-1
2020-02-24,7.58,7.65,7.55,7.57,87910,-0.01,0.1,-0.13,1.32,0.05,-1
2020-02-21,7.9,7.91,7.68,7.74,144499,-0.16,0.23,-2.07,2.97,0.12,-1
2020-02-20,8.05,8.11,7.92,7.95,70334,-0.1,0.19,-1.26,2.39,0.09,-1
2020-02-19,7.96,8.06,7.94,8.05,103781,0.09,0.12,1.12,1.49,0.06,1
2020-02-18,8.1,8.1,7.93,7.99,100753,-0.11,0.17,-1.38,2.13,0.08,-1
2020-02-14,8.02,8.16,7.97,8.15,173043,0.13,0.19,1.6,2.33,0.1,1
2020-02-13,8.08,8.12,7.86,8.0,127619,-0.08,0.26,-1.0,3.25,0.13,-1
2020-02-12,7.94,8.27,7.9,8.14,316907,0.2,0.37,2.46,4.55,0.18,1
2020-02-11,7.98,8.03,7.88,7.94,132457,-0.04,0.15,-0.5,1.89,0.07,1
2020-02-10,7.85,7.98,7.73,7.86,379327,0.01,0.25,0.13,3.18,0.12,-1
2020-02-07,7.67,7.87,7.59,7.87,289622,0.2,0.28,2.54,3.56,0.14,1
2020-02-06,7.66,7.72,7.62,7.68,461327,0.02,0.1,0.26,1.3,0.05,1
2020-02-05,7.51,7.74,7.51,7.6,270639,0.09,0.23,1.18,3.03,0.12,1
2020-02-04,7.42,7.54,7.39,7.51,230429,0.09,0.15,1.2,2.0,0.08,1
2020-02-03,7.48,7.49,7.34,7.37,79974,-0.11,0.15,-1.49,2.04,0.08,-1
2020-01-31,7.54,7.61,7.42,7.47,140532,-0.07,0.19,-0.94,2.54,0.1,-1
2020-01-30,7.75,7.9,7.47,7.53,248176,-0.22,0.43,-2.92,5.71,0.22,1
2020-01-29,7.53,7.6,7.49,7.51,196320,-0.02,0.11,-0.27,1.46,0.05,1
2020-01-28,7.39,7.54,7.36,7.48,446783,0.09,0.18,1.2,2.41,0.09,1
2020-01-27,7.39,7.45,7.3,7.39,220622,0.0,0.15,0.0,2.03,0.08,-1
2020-01-24,7.6,7.62,7.36,7.48,224025,-0.12,0.26,-1.6,3.48,0.13,-1
2020-01-23,7.63,7.66,7.59,7.62,107479,-0.01,0.07,-0.13,0.92,0.04,-1
2020-01-22,7.71,7.8,7.66,7.69,147242,-0.02,0.14,-0.26,1.82,0.07,-1
2020-01-21,7.73,7.8,7.68,7.72,209623,-0.01,0.12,-0.13,1.55,0.06,-1
2020-01-17,8.04,8.14,7.75,7.8,224579,-0.24,0.39,-3.08,5.0,0.2,-1
2020-01-16,8.07,8.15,8.01,8.01,161769,-0.06,0.14,-0.75,1.75,0.07,-1
2020-01-15,8.34,8.39,8.03,8.07,113915,-0.27,0.36,-3.35,4.46,0.18,-1
2020-01-14,8.47,8.47,8.28,8.35,194539,-0.12,0.19,-1.44,2.28,0.1,-1
2020-01-13,8.45,8.52,8.36,8.49,145164,0.04,0.16,0.47,1.88,0.08,1
2020-01-10,8.46,8.5,8.35,8.45,349745,-0.01,0.15,-0.12,1.78,0.08,-1
2020-01-09,8.42,8.51,8.3,8.45,185660,0.03,0.21,0.36,2.49,0.1,1
2020-01-08,8.4,8.43,8.29,8.37,361338,-0.03,0.14,-0.36,1.67,0.07,-1
2020-01-07,8.31,8.49,8.31,8.39,163843,0.08,0.18,0.95,2.15,0.09,1
2020-01-06,8.28,8.39,8.24,8.35,455028,0.07,0.15,0.84,1.8,0.08,1
2020-01-03,8.08,8.31,8.07,8.29,669077,0.21,0.24,2.53,2.9,0.12,1
2020-01-02,8.41,8.41,8.12,8.13,199252,-0.28,0.29,-3.44,3.57,0.15,-1
2019-12-31,8.33,8.45,8.33,8.37,121012,0.04,0.12,0.48,1.43,0.06,1
2019-12-30,8.39,8.41,8.32,8.35,184854,-0.04,0.09,-0.48,1.08,0.04,-1
2019-12-27,8.5,8.51,8.32,8.39,227981,-0.11,0.19,-1.31,2.26,0.09,-1
2019-12-26,8.57,8.69,8.44,8.49,333230,-0.08,0.25,-0.94,2.94,0.12,-1
2019-12-24,8.42,8.58,8.35,8.53,77642,0.11,0.23,1.29,2.7,0.12,1
2019-12-23,8.63,8.63,8.41,8.45,203510,-0.18,0.22,-2.13,2.6,0.11,-1
2019-12-20,8.46,8.7,8.45,8.63,488835,0.17,0.25,1.97,2.9,0.12,1
2019-12-19,8.14,8.47,8.04,8.45,618086,0.31,0.43,3.67,5.09,0.22,1
2019-12-18,8.1,8.23,8.03,8.09,630560,-0.01,0.2,-0.12,2.47,0.1,-1
2019-12-17,8.1,8.15,8.0,8.11,770131,0.01,0.15,0.12,1.85,0.08,1
2019-12-16,7.93,8.19,7.88,8.02,833488,0.09,0.31,1.12,3.87,0.15,1
2019-12-13,7.8,7.95,7.7,7.83,1243930,0.03,0.25,0.38,3.19,0.12,1
2019-12-12,7.67,7.85,7.6,7.77,1856221,0.1,0.25,1.29,3.22,0.12,1
2019-12-11,7.8,7.82,7.61,7.73,452740,-0.07,0.21,-0.91,2.72,0.1,-1
2019-12-10,7.89,8.05,7.7,7.78,1159357,-0.11,0.35,-1.41,4.5,0.18,1
2019-12-09,7.35,7.58,7.35,7.51,350317,0.16,0.23,2.13,3.06,0.12,1
2019-12-06,7.2,7.42,7.18,7.41,270384,0.21,0.24,2.83,3.24,0.12,1
2019-12-05,6.93,7.22,6.92,7.15,237123,0.22,0.3,3.08,4.2,0.15,1
2019-12-04,6.92,7.05,6.87,6.92,221798,0.0,0.18,0.0,2.6,0.09,1
2019-12-03,6.91,6.94,6.82,6.88,306941,-0.03,0.12,-0.44,1.74,0.06,-1
2019-12-02,6.87,6.95,6.79,6.92,242785,0.05,0.16,0.72,2.31,0.08,1
2019-11-29,6.9,6.97,6.76,6.88,91021,-0.02,0.21,-0.29,3.05,0.1,-1
2019-11-27,6.79,6.92,6.77,6.89,151176,0.1,0.15,1.45,2.18,0.08,1
2019-11-26,6.87,6.88,6.73,6.86,375201,-0.01,0.15,-0.15,2.19,0.07,-1
2019-11-25,6.7,6.96,6.66,6.89,196573,0.19,0.3,2.76,4.35,0.15,1
2019-11-22,6.69,6.81,6.69,6.75,116652,0.06,0.12,0.89,1.78,0.06,1
2019-11-21,6.6,6.73,6.55,6.71,232475,0.11,0.18,1.64,2.68,0.09,1
2019-11-20,6.51,6.73,6.38,6.62,300093,0.11,0.35,1.66,5.29,0.18,1
2019-11-19,6.3,6.49,6.21,6.49,164231,0.19,0.28,2.93,4.31,0.14,1
2019-11-18,6.4,6.47,6.23,6.35,231360,-0.05,0.24,-0.79,3.78,0.12,-1
2019-11-15,6.37,6.57,6.34,6.45,370099,0.08,0.23,1.24,3.57,0.12,1
2019-11-14,6.14,6.44,5.99,6.35,441467,0.21,0.45,3.31,7.09,0.23,1
2019-11-13,6.13,6.24,6.11,6.19,120828,0.06,0.13,0.97,2.1,0.06,1
2019-11-12,5.7,6.17,5.65,6.16,2068398,0.46,0.52,7.47,8.44,0.26,1
2019-11-11,5.56,5.7,5.55,5.7,519719,0.14,0.15,2.46,2.63,0.08,1
2019-11-08,5.67,5.67,5.5,5.63,260871,-0.04,0.17,-0.71,3.02,0.08,-1
2019-11-07,5.86,5.93,5.49,5.68,688559,-0.18,0.44,-3.17,7.75,0.22,-1
2019-11-06,5.91,6.02,5.85,5.85,224116,-0.06,0.17,-1.03,2.91,0.08,-1
2019-11-05,5.83,5.97,5.83,5.93,157150,0.1,0.14,1.69,2.36,0.07,1
2019-11-04,5.88,5.93,5.8,5.87,234209,-0.01,0.13,-0.17,2.21,0.06,1
2019-11-01,5.93,5.98,5.75,5.84,359473,-0.09,0.23,-1.54,3.94,0.12,-1
2019-10-31,6.02,6.04,5.85,5.93,484363,-0.09,0.19,-1.52,3.2,0.1,-1
2019-10-30,6.21,6.25,5.85,6.02,404475,-0.19,0.4,-3.16,6.64,0.2,-1
2019-10-29,6.23,6.39,6.12,6.24,642870,0.01,0.27,0.16,4.33,0.13,1
2019-10-28,6.05,6.26,6.05,6.2,672713,0.15,0.21,2.42,3.39,0.1,1
2019-10-25,6.09,6.1,5.99,6.07,260726,-0.02,0.11,-0.33,1.81,0.05,-1
2019-10-24,6.05,6.24,6.05,6.09,316173,0.04,0.19,0.66,3.12,0.1,1
2019-10-23,6.01,6.15,5.95,6.06,377345,0.05,0.2,0.83,3.3,0.1,1
2019-10-22,5.98,6.07,5.95,6.0,204213,0.02,0.12,0.33,2.0,0.06,1
2019-10-21,5.96,6.01,5.95,5.99,160443,0.03,0.06,0.5,1.0,0.03,1
2019-10-18,5.9,6.03,5.89,5.98,343461,0.08,0.14,1.34,2.34,0.07,1
2019-10-17,5.81,5.89,5.76,5.88,366900,0.07,0.13,1.19,2.21,0.06,1
2019-10-16,5.86,5.92,5.76,5.8,114760,-0.06,0.16,-1.03,2.76,0.08,-1
2019-10-15,5.84,5.92,5.79,5.85,162650,0.01,0.13,0.17,2.22,0.06,-1
2019-10-14,6.01,6.02,5.87,5.89,156279,-0.12,0.15,-2.04,2.55,0.07,-1
2019-10-11,5.85,6.08,5.84,6.01,403443,0.16,0.24,2.66,3.99,0.12,1
2019-10-10,5.73,5.88,5.7,5.8,149390,0.07,0.18,1.21,3.1,0.09,1
2019-10-09,5.75,5.97,5.75,5.79,490935,0.04,0.22,0.69,3.8,0.11,1
2019-10-08,5.88,5.91,5.67,5.67,298873,-0.21,0.24,-3.7,4.23,0.12,-1
2019-10-07,5.88,6.0,5.87,5.95,227688,0.07,0.13,1.18,2.18,0.06,-1
2019-10-04,5.88,6.01,5.8,6.0,271954,0.12,0.21,2.0,3.5,0.1,1
2019-10-03,5.87,5.87,5.69,5.84,418737,-0.03,0.18,-0.51,3.08,0.09,-1
2019-10-02,5.81,6.02,5.71,5.9,225267,0.09,0.31,1.53,5.25,0.15,1
2019-10-01,5.82,5.9,5.77,5.81,223109,-0.01,0.13,-0.17,2.24,0.07,-1
2019-09-30,5.65,5.84,5.65,5.83,232683,0.18,0.19,3.09,3.26,0.09,1
2019-09-27,5.64,5.76,5.63,5.71,156438,0.07,0.13,1.23,2.28,0.06,1
2019-09-26,5.92,5.92,5.59,5.62,303211,-0.3,0.33,-5.34,5.87,0.17,-1
2019-09-25,5.98,6.05,5.84,5.9,299704,-0.08,0.21,-1.36,3.56,0.1,-1
2019-09-24,6.23,6.24,5.92,6.0,220170,-0.23,0.32,-3.83,5.33,0.16,-1
2019-09-23,6.22,6.24,6.17,6.22,493722,0.0,0.07,0.0,1.13,0.04,1
2019-09-20,6.2,6.28,6.19,6.2,291634,0.0,0.09,0.0,1.45,0.04,-1
2019-09-19,6.23,6.25,6.13,6.21,294185,-0.02,0.12,-0.32,1.93,0.06,-1
2019-09-18,6.26,6.3,6.1,6.21,300966,-0.05,0.2,-0.81,3.22,0.1,-1
2019-09-17,6.11,6.38,6.11,6.3,254609,0.19,0.27,3.02,4.29,0.13,1
2019-09-16,5.93,6.2,5.93,6.15,557522,0.22,0.27,3.58,4.39,0.14,1
2019-09-13,5.88,6.02,5.86,5.95,453569,0.07,0.16,1.18,2.69,0.08,1
2019-09-12,5.86,5.94,5.82,5.89,289032,0.03,0.12,0.51,2.04,0.06,1
2019-09-11,5.69,5.87,5.54,5.83,508496,0.14,0.33,2.4,5.66,0.17,1
2019-09-10,5.53,5.69,5.53,5.63,363236,0.1,0.16,1.78,2.84,0.08,1
2019-09-09,5.5,5.64,5.49,5.57,298514,0.07,0.15,1.26,2.69,0.07,1
2019-09-06,5.41,5.6,5.41,5.52,301859,0.11,0.19,1.99,3.44,0.09,1
2019-09-05,5.41,5.71,5.39,5.42,369490,0.01,0.32,0.18,5.9,0.16,-1
2019-09-04,5.4,5.61,5.29,5.47,556424,0.07,0.32,1.28,5.85,0.16,1
2019-09-03,5.52,5.58,5.43,5.45,350012,-0.07,0.15,-1.28,2.75,0.08,-1
2019-08-30,5.61,5.63,5.43,5.58,495253,-0.03,0.2,-0.54,3.58,0.1,1
2019-08-29,5.73,5.74,5.55,5.56,479150,-0.17,0.19,-3.06,3.42,0.1,-1
2019-08-28,5.68,5.83,5.68,5.7,405024,0.02,0.15,0.35,2.63,0.08,-1
2019-08-27,5.8,5.82,5.7,5.72,500467,-0.08,0.12,-1.4,2.1,0.06,-1
2019-08-26,5.75,5.84,5.7,5.79,180358,0.04,0.14,0.69,2.42,0.07,1
2019-08-23,5.81,5.86,5.61,5.72,311863,-0.09,0.25,-1.57,4.37,0.12,-1
2019-08-22,5.82,5.89,5.81,5.83,201405,0.01,0.08,0.17,1.37,0.04,1
2019-08-21,5.81,5.91,5.68,5.82,177624,0.01,0.23,0.17,3.95,0.12,1
2019-08-20,5.9,5.97,5.71,5.74,539783,-0.16,0.26,-2.79,4.53,0.13,-1
2019-08-19,6.06,6.15,5.5,5.92,380121,-0.14,0.65,-2.36,10.98,0.33,-1
2019-08-16,5.58,6.15,5.58,6.11,409977,0.53,0.57,8.67,9.33,0.29,1
2019-08-15,5.57,5.84,5.5,5.82,464863,0.25,0.34,4.3,5.84,0.17,1
2019-08-14,5.57,5.71,5.52,5.61,411720,0.04,0.19,0.71,3.39,0.1,-1
2019-08-13,5.97,5.99,5.53,5.64,1373370,-0.33,0.46,-5.85,8.16,0.23,-1
2019-08-12,6.57,6.66,5.65,5.92,880761,-0.65,1.01,-10.98,17.06,0.5,-1
2019-08-09,6.82,7.12,6.82,7.05,312347,0.23,0.3,3.26,4.26,0.15,1
2019-08-08,6.66,6.9,6.6,6.87,370713,0.21,0.3,3.06,4.37,0.15,1
2019-08-07,6.63,6.63,6.51,6.59,261597,-0.04,0.12,-0.61,1.82,0.06,-1
2019-08-06,6.74,6.74,6.59,6.66,108109,-0.08,0.15,-1.2,2.25,0.08,-1
2019-08-05,6.84,6.84,6.65,6.68,115528,-0.16,0.19,-2.4,2.84,0.09,-1
2019-08-02,6.87,6.91,6.75,6.9,68222,0.03,0.16,0.43,2.32,0.08,1
2019-08-01,6.81,6.97,6.81,6.88,242884,0.07,0.16,1.02,2.33,0.08,1
2019-07-31,6.69,6.85,6.58,6.75,475247,0.06,0.27,0.89,4.0,0.13,1
2019-07-30,6.88,6.91,6.72,6.72,173990,-0.16,0.19,-2.38,2.83,0.1,-1
2019-07-29,6.85,6.9,6.84,6.87,67832,0.02,0.07,0.29,0.95,0.03,-1
2019-07-26,6.83,6.92,6.83,6.89,147191,0.06,0.09,0.87,1.31,0.04,1
2019-07-25,6.82,6.86,6.75,6.84,137345,0.02,0.11,0.29,1.61,0.06,-1
2019-07-24,6.83,6.92,6.83,6.86,105701,0.03,0.09,0.44,1.31,0.04,-1
2019-07-23,6.98,6.99,6.89,6.91,99225,-0.07,0.1,-1.01,1.45,0.05,-1
2019-07-22,6.84,6.99,6.79,6.97,175372,0.13,0.2,1.87,2.87,0.1,1
2019-07-19,6.76,6.88,6.76,6.79,185582,0.03,0.12,0.44,1.77,0.06,1
2019-07-18,6.79,6.84,6.72,6.73,207122,-0.06,0.12,-0.89,1.78,0.06,-1
2019-07-17,6.86,6.94,6.62,6.76,979834,-0.1,0.32,-1.48,4.73,0.16,-1
2019-07-16,6.92,6.97,6.88,6.89,89840,-0.03,0.09,-0.44,1.31,0.04,-1
2019-07-15,7.0,7.0,6.87,6.89,214925,-0.11,0.13,-1.6,1.89,0.06,-1
2019-07-12,7.02,7.08,6.94,7.07,128128,0.05,0.14,0.71,1.98,0.07,1
2019-07-11,7.02,7.09,6.98,7.01,242333,-0.01,0.11,-0.14,1.57,0.05,-1
2019-07-10,6.98,7.05,6.82,7.03,222636,0.05,0.23,0.71,3.27,0.11,1
2019-07-09,6.95,7.17,6.89,6.95,153515,0.0,0.28,0.0,4.03,0.14,-1
2019-07-08,6.99,7.06,6.96,7.02,93057,0.03,0.1,0.43,1.42,0.05,1
2019-07-05,6.97,7.05,6.93,7.01,64213,0.04,0.12,0.57,1.71,0.06,1
2019-07-03,6.98,7.01,6.93,6.99,106204,0.01,0.08,0.14,1.14,0.04,-1
2019-07-02,7.08,7.12,6.94,7.0,329077,-0.08,0.18,-1.14,2.57,0.09,-1
2019-07-01,7.21,7.27,7.02,7.1,270007,-0.11,0.25,-1.55,3.52,0.12,-1
2019-06-28,6.96,7.16,6.92,7.14,542290,0.18,0.24,2.52,3.36,0.12,1
2019-06-27,6.9,6.97,6.85,6.9,387113,0.0,0.12,0.0,1.74,0.06,-1
2019-06-26,6.9,6.94,6.83,6.9,180990,0.0,0.11,0.0,1.59,0.06,-1
2019-06-25,6.92,6.97,6.89,6.9,114342,-0.02,0.08,-0.29,1.16,0.04,-1
2019-06-24,6.94,6.98,6.93,6.96,100465,0.02,0.05,0.29,0.72,0.03,-1
2019-06-21,7.03,7.04,6.93,6.98,531765,-0.05,0.11,-0.72,1.58,0.06,-1
2019-06-20,7.15,7.21,6.94,7.03,505262,-0.12,0.26,-1.71,3.77,0.13,-1
2019-06-19,6.92,7.12,6.84,7.09,312474,0.17,0.28,2.4,3.95,0.14,1
2019-06-18,6.78,6.96,6.74,6.92,166334,0.14,0.22,2.02,3.18,0.11,1
2019-06-17,6.72,6.82,6.66,6.74,154103,0.02,0.16,0.3,2.37,0.08,1
2019-06-14,6.83,6.92,6.71,6.71,236807,-0.12,0.21,-1.79,3.13,0.1,-1
2019-06-13,7.04,7.04,6.75,6.83,567414,-0.21,0.29,-3.07,4.25,0.15,-1
2019-06-12,7.04,7.12,6.78,7.01,552571,-0.03,0.34,-0.43,4.85,0.17,-1
2019-06-11,7.18,7.25,6.95,7.06,471664,-0.12,0.3,-1.7,4.25,0.15,-1
2019-06-10,7.2,7.29,7.04,7.14,294774,-0.06,0.25,-0.84,3.5,0.12,1
2019-06-07,7.07,7.1,6.9,6.97,227994,-0.1,0.2,-1.43,2.87,0.1,-1
2019-06-06,7.12,7.13,6.95,7.04,412393,-0.08,0.18,-1.14,2.56,0.09,-1
2019-06-05,7.05,7.12,7.0,7.08,257997,0.03,0.12,0.42,1.69,0.06,1
2019-06-04,6.78,7.03,6.7,7.03,366007,0.25,0.33,3.56,4.69,0.17,1
2019-06-03,6.67,6.82,6.61,6.75,301469,0.08,0.21,1.19,3.11,0.1,1
2019-05-31,6.67,6.67,6.51,6.65,131763,-0.02,0.16,-0.3,2.41,0.08,-1
2019-05-30,6.79,6.82,6.64,6.73,400980,-0.06,0.18,-0.89,2.67,0.09,-1
2019-05-29,6.65,6.85,6.43,6.76,966400,0.11,0.42,1.63,6.21,0.21,1
2019-05-28,6.35,6.72,6.35,6.68,3517701,0.33,0.37,4.94,5.54,0.19,1
2019-05-24,6.3,6.44,6.28,6.35,554116,0.05,0.16,0.79,2.52,0.08,1
2019-05-23,6.39,6.41,6.17,6.25,557397,-0.14,0.24,-2.24,3.84,0.12,-1
2019-05-22,6.51,6.58,6.29,6.4,274676,-0.11,0.29,-1.72,4.53,0.15,-1
2019-05-21,6.32,6.58,6.32,6.5,316134,0.18,0.26,2.77,4.0,0.13,1
2019-05-20,6.46,6.51,6.34,6.44,555188,-0.02,0.17,-0.31,2.64,0.08,-1
2019-05-17,6.5,6.64,6.48,6.5,271365,0.0,0.16,0.0,2.46,0.08,-1
2019-05-16,6.59,6.69,6.5,6.58,379948,-0.01,0.19,-0.15,2.89,0.1,-1
2019-05-15,6.52,6.68,6.52,6.6,173347,0.08,0.16,1.21,2.42,0.08,1
2019-05-14,6.63,6.76,6.51,6.59,339414,-0.04,0.25,-0.61,3.79,0.12,-1
2019-05-13,6.67,6.72,6.33,6.63,325271,-0.04,0.39,-0.6,5.88,0.19,-1
2019-05-10,6.84,6.9,6.72,6.82,306666,-0.02,0.18,-0.29,2.64,0.09,-1
2019-05-09,6.79,6.93,6.62,6.89,267429,0.1,0.31,1.45,4.5,0.15,1
2019-05-08,6.88,6.97,6.8,6.84,373310,-0.04,0.17,-0.58,2.49,0.08,-1
2019-05-07,7.01,7.05,6.73,6.84,224066,-0.17,0.32,-2.49,4.68,0.16,-1
2019-05-06,6.95,7.07,6.9,7.05,706226,0.1,0.17,1.42,2.41,0.08,-1
2019-05-03,6.81,7.12,6.79,7.06,293104,0.25,0.33,3.54,4.67,0.17,1
2019-05-02,6.79,6.83,6.67,6.79,467559,0.0,0.16,0.0,2.36,0.08,-1
2019-05-01,6.79,6.9,6.79,6.86,70793,0.07,0.11,1.02,1.6,0.06,1
2019-04-30,6.8,6.84,6.67,6.8,423508,0.0,0.17,0.0,2.5,0.08,-1
2019-04-29,6.83,6.87,6.72,6.8,174983,-0.03,0.15,-0.44,2.21,0.08,-1
2019-04-26,6.75,6.85,6.7,6.84,252226,0.09,0.15,1.32,2.19,0.07,1
2019-04-25,6.75,6.82,6.5,6.79,593416,0.04,0.32,0.59,4.71,0.16,1
2019-04-24,6.82,6.82,6.57,6.7,286538,-0.12,0.25,-1.79,3.73,0.12,-1
2019-04-23,6.81,6.83,6.67,6.79,302580,-0.02,0.16,-0.29,2.36,0.08,1
2019-04-22,6.85,6.9,6.73,6.77,107921,-0.08,0.17,-1.18,2.51,0.08,-1
2019-04-18,6.88,6.92,6.85,6.87,197900,-0.01,0.07,-0.15,1.02,0.04,-1
2019-04-17,6.95,6.95,6.83,6.89,92984,-0.06,0.12,-0.87,1.74,0.06,-1
2019-04-16,6.95,6.98,6.89,6.9,126221,-0.05,0.09,-0.72,1.3,0.05,-1
2019-04-15,6.97,6.98,6.9,6.93,126939,-0.04,0.08,-0.58,1.15,0.04,-1
2019-04-12,6.99,7.0,6.87,6.99,151445,0.0,0.13,0.0,1.86,0.06,1
2019-04-11,7.07,7.07,6.9,6.94,93493,-0.13,0.17,-1.87,2.45,0.08,-1
2019-04-10,7.14,7.14,7.03,7.08,162406,-0.06,0.11,-0.85,1.55,0.05,-1
2019-04-09,7.11,7.26,7.0,7.09,358528,-0.02,0.26,-0.28,3.67,0.13,-1
2019-04-08,7.08,7.13,6.98,7.13,275476,0.05,0.15,0.7,2.1,0.07,1
2019-04-05,6.84,7.08,6.77,7.07,1542808,0.23,0.31,3.25,4.38,0.16,1
2019-04-04,6.65,6.82,6.6,6.77,803065,0.12,0.22,1.77,3.25,0.11,1
2019-04-03,6.67,6.73,6.64,6.7,259108,0.03,0.09,0.45,1.34,0.05,-1
2019-04-02,6.81,6.81,6.57,6.7,333928,-0.11,0.24,-1.64,3.58,0.12,-1
2019-04-01,6.94,6.94,6.7,6.81,304141,-0.13,0.24,-1.91,3.52,0.12,-1
2019-03-29,6.84,6.95,6.68,6.89,286533,0.05,0.27,0.73,3.92,0.14,1
2019-03-28,6.82,6.92,6.74,6.81,326681,-0.01,0.18,-0.15,2.64,0.09,-1
2019-03-27,6.87,6.91,6.74,6.84,391640,-0.03,0.17,-0.44,2.49,0.08,-1
2019-03-26,6.94,6.98,6.81,6.93,185882,-0.01,0.17,-0.14,2.45,0.09,1
2019-03-25,6.84,6.95,6.74,6.91,328170,0.07,0.21,1.01,3.04,0.1,1
2019-03-22,7.22,7.25,6.86,6.87,170615,-0.35,0.39,-5.09,5.68,0.19,-1
2019-03-21,7.08,7.36,7.05,7.29,476686,0.21,0.31,2.88,4.25,0.16,1
2019-03-20,7.09,7.21,7.0,7.11,219713,0.02,0.21,0.28,2.95,0.1,1
2019-03-19,7.02,7.22,6.98,7.09,437334,0.07,0.24,0.99,3.46,0.12,1
2019-03-18,7.0,7.1,6.77,7.01,447748,0.01,0.33,0.14,4.71,0.17,1
2019-03-15,6.45,7.03,6.39,6.96,1716455,0.51,0.64,7.33,9.2,0.32,1
2019-03-14,6.72,6.75,6.54,6.63,259510,-0.09,0.21,-1.36,3.17,0.1,-1
2019-03-13,6.63,6.73,6.61,6.69,597419,0.06,0.12,0.9,1.79,0.06,1
2019-03-12,6.6,6.74,6.58,6.61,338152,0.01,0.16,0.15,2.42,0.08,1
2019-03-11,6.5,6.63,6.35,6.57,1021343,0.07,0.28,1.07,4.26,0.14,1
2019-03-08,6.78,6.78,6.35,6.46,716451,-0.32,0.43,-4.95,6.66,0.22,-1
2019-03-07,6.86,6.92,6.72,6.74,542250,-0.12,0.2,-1.78,2.97,0.1,-1
2019-03-06,7.09,7.1,6.75,6.89,347091,-0.2,0.35,-2.9,5.08,0.17,-1
2019-03-05,7.11,7.17,7.07,7.09,348091,-0.02,0.1,-0.28,1.41,0.05,-1
2019-03-04,7.07,7.17,7.05,7.14,360876,0.07,0.12,0.98,1.68,0.06,1
2019-03-01,7.1,7.17,6.95,7.08,432843,-0.02,0.22,-0.28,3.11,0.11,-1
2019-02-28,7.16,7.21,6.98,7.11,234998,-0.05,0.23,-0.7,3.23,0.11,-1
2019-02-27,7.19,7.2,7.06,7.16,109066,-0.03,0.14,-0.42,1.96,0.07,-1
2019-02-26,7.24,7.26,7.12,7.22,179557,-0.02,0.14,-0.28,1.94,0.07,-1
2019-02-25,7.21,7.28,7.2,7.22,211713,0.01,0.08,0.14,1.11,0.04,1
2019-02-22,7.22,7.28,7.14,7.21,230648,-0.01,0.14,-0.14,1.89,0.07,-1
2019-02-21,7.31,7.31,7.18,7.21,379975,-0.1,0.13,-1.39,1.87,0.07,-1
2019-02-20,7.35,7.41,7.31,7.37,220015,0.02,0.1,0.27,1.36,0.05,1
2019-02-19,7.42,7.5,7.32,7.36,436522,-0.06,0.18,-0.82,2.45,0.09,-1
2019-02-15,7.63,7.74,7.41,7.43,147695,-0.2,0.33,-2.69,4.44,0.17,-1
2019-02-14,7.4,7.58,7.36,7.53,199847,0.13,0.22,1.73,2.92,0.11,1
2019-02-13,7.26,7.44,7.21,7.42,123208,0.16,0.23,2.16,3.1,0.12,1
2019-02-12,7.15,7.29,7.08,7.21,484133,0.06,0.21,0.83,2.91,0.1,1
2019-02-11,7.2,7.26,7.07,7.09,198639,-0.11,0.19,-1.55,2.68,0.09,-1
2019-02-08,7.23,7.25,7.15,7.2,336573,-0.03,0.1,-0.42,1.39,0.05,-1
2019-02-07,7.24,7.3,7.15,7.25,174383,0.01,0.15,0.14,2.07,0.07,-1
2019-02-06,7.44,7.47,7.27,7.3,249981,-0.14,0.2,-1.92,2.74,0.1,-1
2019-02-05,7.4,7.55,7.4,7.5,129522,0.1,0.15,1.33,2.0,0.07,1
2019-02-04,7.43,7.52,7.35,7.43,93863,0.0,0.17,0.0,2.29,0.08,-1
2019-02-01,7.59,7.67,7.39,7.47,181627,-0.12,0.28,-1.61,3.75,0.14,-1
2019-01-31,7.54,7.81,7.36,7.62,409932,0.08,0.45,1.05,5.91,0.22,1
2019-01-30,7.22,7.54,7.09,7.49,374572,0.27,0.45,3.6,6.01,0.23,1
2019-01-29,7.19,7.25,7.04,7.15,478213,-0.04,0.21,-0.56,2.94,0.1,1
2019-01-28,7.1,7.23,7.05,7.12,146024,0.02,0.18,0.28,2.53,0.09,-1
2019-01-25,7.27,7.27,7.12,7.17,298852,-0.1,0.15,-1.39,2.09,0.07,-1
2019-01-24,7.34,7.42,7.25,7.26,222484,-0.08,0.17,-1.1,2.34,0.08,-1
2019-01-23,7.18,7.41,7.18,7.39,181057,0.21,0.23,2.84,3.11,0.12,1
2019-01-22,7.15,7.18,7.01,7.12,420126,-0.03,0.17,-0.42,2.39,0.08,-1
2019-01-18,7.24,7.32,7.15,7.17,217124,-0.07,0.17,-0.98,2.37,0.08,-1
2019-01-17,7.2,7.35,7.09,7.2,248530,0.0,0.26,0.0,3.61,0.13,-1
2019-01-16,6.89,7.29,6.89,7.21,655384,0.32,0.4,4.44,5.55,0.2,1
2019-01-15,7.15,7.26,7.1,7.19,343768,0.04,0.16,0.56,2.23,0.08,1
2019-01-14,7.11,7.3,7.08,7.14,144081,0.03,0.22,0.42,3.08,0.11,-1
2019-01-11,7.0,7.22,7.0,7.17,192955,0.17,0.22,2.37,3.07,0.11,1
2019-01-10,7.19,7.2,6.92,7.05,334598,-0.14,0.28,-1.99,3.97,0.14,-1
2019-01-09,7.11,7.25,7.1,7.2,433231,0.09,0.15,1.25,2.08,0.08,1
2019-01-08,7.17,7.2,7.05,7.08,149596,-0.09,0.15,-1.27,2.12,0.08,-1
2019-01-07,7.13,7.23,7.12,7.16,221903,0.03,0.11,0.42,1.54,0.06,1
2019-01-04,6.97,7.28,6.95,7.12,396613,0.15,0.33,2.11,4.63,0.17,1
2019-01-03,7.04,7.14,6.92,6.95,96542,-0.09,0.22,-1.29,3.17,0.11,-1
2019-01-02,6.8,7.22,6.8,7.06,525029,0.26,0.42,3.68,5.95,0.21,1
2018-12-31,6.86,7.0,6.79,6.96,179189,0.1,0.21,1.44,3.02,0.1,1
2018-12-28,6.77,6.89,6.72,6.8,191668,0.03,0.17,0.44,2.5,0.08,1
2018-12-27,6.69,6.82,6.59,6.78,334418,0.09,0.23,1.33,3.39,0.12,1
2018-12-26,6.5,6.77,6.4,6.76,203577,0.26,0.37,3.85,5.47,0.18,1
2018-12-24,6.67,6.74,6.48,6.5,173678,-0.17,0.26,-2.62,4.0,0.13,-1
2018-12-21,6.6,6.8,6.5,6.7,503471,0.1,0.3,1.49,4.48,0.15,1
2018-12-20,6.67,6.73,6.5,6.64,425280,-0.03,0.23,-0.45,3.46,0.12,-1
2018-12-19,6.73,6.87,6.64,6.66,320071,-0.07,0.23,-1.05,3.45,0.12,-1
2018-12-18,6.71,6.82,6.64,6.72,340036,0.01,0.18,0.15,2.68,0.09,1
2018-12-17,7.03,7.09,6.65,6.71,387504,-0.32,0.44,-4.77,6.56,0.22,-1
2018-12-14,7.04,7.23,7.01,7.05,321759,0.01,0.22,0.14,3.12,0.11,-1
2018-12-13,7.19,7.26,7.07,7.09,179357,-0.1,0.19,-1.41,2.68,0.09,-1
2018-12-12,7.06,7.34,7.04,7.13,448307,0.07,0.3,0.98,4.21,0.15,1
2018-12-11,6.76,7.04,6.76,7.03,471173,0.27,0.28,3.84,3.98,0.14,1
2018-12-10,7.05,7.12,6.86,6.99,249472,-0.06,0.26,-0.86,3.72,0.13,-1
2018-12-07,7.12,7.27,7.08,7.09,259719,-0.03,0.19,-0.42,2.68,0.09,-1
2018-12-06,7.02,7.13,6.77,7.12,591392,0.1,0.36,1.4,5.06,0.18,1
2018-12-04,6.98,7.14,6.93,7.11,424376,0.13,0.21,1.83,2.95,0.1,1
2018-12-03,7.12,7.18,6.96,7.0,549388,-0.12,0.22,-1.71,3.14,0.11,1
2018-11-30,6.96,7.04,6.93,6.98,316504,0.02,0.11,0.29,1.58,0.06,-1
2018-11-29,6.85,7.05,6.85,7.0,349296,0.15,0.2,2.14,2.86,0.1,1
2018-11-28,6.88,6.91,6.73,6.9,488710,0.02,0.18,0.29,2.61,0.09,1
2018-11-27,6.96,7.0,6.86,6.89,195567,-0.07,0.14,-1.02,2.03,0.07,-1
2018-11-26,6.98,7.09,6.92,6.94,887839,-0.04,0.17,-0.58,2.45,0.08,-1
2018-11-23,6.93,7.01,6.92,7.0,94332,0.07,0.09,1.0,1.29,0.04,1
2018-11-21,6.89,7.03,6.89,6.97,485291,0.08,0.14,1.15,2.01,0.07,1
2018-11-20,7.01,7.05,6.77,6.82,1076994,-0.19,0.28,-2.79,4.11,0.14,-1
2018-11-19,7.16,7.18,6.86,7.02,885541,-0.14,0.32,-1.99,4.56,0.16,-1
2018-11-16,7.24,7.41,7.01,7.19,536761,-0.05,0.4,-0.7,5.56,0.2,1
2018-11-15,7.17,7.3,7.07,7.14,515540,-0.03,0.23,-0.42,3.22,0.11,-1
2018-11-14,7.1,7.18,6.94,7.15,707638,0.05,0.24,0.7,3.36,0.12,1
2018-11-13,7.22,7.29,7.02,7.06,1125510,-0.16,0.27,-2.27,3.82,0.14,-1
2018-11-12,7.26,7.35,7.16,7.28,440992,0.02,0.19,0.27,2.61,0.09,-1
2018-11-09,7.48,7.48,7.16,7.28,497902,-0.2,0.32,-2.75,4.4,0.16,-1
2018-11-08,7.71,7.75,7.46,7.5,438949,-0.21,0.29,-2.8,3.87,0.15,-1
2018-11-07,7.87,7.97,7.73,7.74,204128,-0.13,0.24,-1.68,3.1,0.12,-1
2018-11-06,8.0,8.04,7.83,7.87,215528,-0.13,0.21,-1.65,2.67,0.1,-1
2018-11-05,8.14,8.21,7.99,8.0,277575,-0.14,0.22,-1.75,2.75,0.11,-1
2018-11-02,7.95,8.27,7.86,8.18,253809,0.23,0.41,2.81,5.01,0.2,1
2018-11-01,7.95,8.15,7.87,7.9,331669,-0.05,0.28,-0.63,3.54,0.14,-1
2018-10-31,7.67,8.17,7.56,8.0,1081817,0.33,0.61,4.13,7.63,0.31,1
2018-10-30,7.7,7.88,7.62,7.7,255283,0.0,0.26,0.0,3.38,0.13,1
2018-10-29,7.8,7.83,7.63,7.68,222148,-0.12,0.2,-1.56,2.6,0.1,-1
2018-10-26,7.68,7.81,7.49,7.72,256066,0.04,0.32,0.52,4.15,0.16,1
2018-10-25,7.77,7.77,7.59,7.7,389757,-0.07,0.18,-0.91,2.34,0.09,-1
2018-10-24,8.05,8.11,7.72,7.74,367943,-0.31,0.39,-4.01,5.04,0.19,-1
2018-10-23,8.12,8.15,7.93,8.0,397457,-0.12,0.22,-1.5,2.75,0.11,-1
2018-10-22,8.12,8.19,7.95,8.17,329859,0.05,0.24,0.61,2.94,0.12,1
2018-10-19,7.92,8.21,7.92,8.09,287772,0.17,0.29,2.1,3.58,0.15,1
2018-10-18,8.01,8.07,7.83,7.89,270956,-0.12,0.24,-1.52,3.04,0.12,-1
2018-10-17,8.2,8.2,8.02,8.04,200783,-0.16,0.18,-1.99,2.24,0.09,-1
2018-10-16,8.0,8.23,7.96,8.15,344737,0.15,0.27,1.84,3.31,0.14,1
2018-10-15,7.72,8.05,7.7,7.96,303967,0.24,0.35,3.02,4.4,0.18,1
2018-10-12,7.48,7.88,7.47,7.75,497666,0.27,0.41,3.48,5.29,0.21,1
2018-10-11,7.42,7.54,7.28,7.48,299535,0.06,0.26,0.8,3.48,0.13,1
2018-10-10,7.57,7.57,7.39,7.45,464169,-0.12,0.18,-1.61,2.42,0.09,-1
2018-10-09,7.4,7.67,7.33,7.56,646649,0.16,0.34,2.12,4.5,0.17,1
2018-10-08,7.35,7.51,7.29,7.45,312158,0.1,0.22,1.34,2.95,0.11,1
2018-10-05,7.25,7.31,7.13,7.3,371346,0.05,0.18,0.68,2.47,0.09,1
2018-10-04,7.38,7.38,7.17,7.22,446034,-0.16,0.21,-2.22,2.91,0.1,-1
2018-10-03,7.34,7.49,7.34,7.38,550497,0.04,0.15,0.54,2.03,0.08,1
2018-10-02,7.3,7.4,7.26,7.28,286646,-0.02,0.14,-0.27,1.92,0.07,-1
2018-10-01,7.4,7.41,7.19,7.28,260711,-0.12,0.22,-1.65,3.02,0.11,-1
2018-09-28,7.38,7.41,7.33,7.35,377378,-0.03,0.08,-0.41,1.09,0.04,-1
2018-09-27,7.45,7.46,7.3,7.39,763255,-0.06,0.16,-0.81,2.17,0.08,-1
2018-09-26,7.59,7.67,7.47,7.48,346007,-0.11,0.2,-1.47,2.67,0.1,-1
2018-09-25,7.49,7.52,7.29,7.52,403085,0.03,0.23,0.4,3.06,0.11,-1
2018-09-24,7.76,7.82,7.54,7.54,278317,-0.22,0.28,-2.92,3.71,0.14,-1
2018-09-21,7.63,7.8,7.62,7.78,314461,0.15,0.18,1.93,2.31,0.09,1
2018-09-20,7.31,7.63,7.3,7.61,300607,0.3,0.33,3.94,4.34,0.17,1
2018-09-19,7.29,7.4,7.22,7.3,407525,0.01,0.18,0.14,2.47,0.09,-1
2018-09-18,7.47,7.52,7.31,7.35,632510,-0.12,0.21,-1.63,2.86,0.1,-1
2018-09-17,7.4,7.56,7.38,7.49,779851,0.09,0.18,1.2,2.4,0.09,1
2018-09-14,7.29,7.49,7.29,7.44,546716,0.15,0.2,2.02,2.69,0.1,1
2018-09-13,7.12,7.39,7.12,7.31,862811,0.19,0.27,2.6,3.69,0.13,1
2018-09-12,7.01,7.18,7.01,7.13,739400,0.12,0.17,1.68,2.38,0.08,1
2018-09-11,7.28,7.28,6.93,7.01,777235,-0.27,0.36,-3.85,5.06,0.18,-1
2018-09-10,7.51,7.56,7.27,7.28,486968,-0.23,0.29,-3.16,3.98,0.15,-1
2018-09-07,7.45,7.52,7.44,7.49,278132,0.04,0.08,0.53,1.07,0.04,-1
2018-09-06,7.4,7.53,7.33,7.5,411829,0.1,0.2,1.33,2.67,0.1,1
2018-09-05,7.55,7.71,7.4,7.43,937911,-0.12,0.31,-1.62,4.17,0.15,-1
2018-09-04,7.89,7.92,7.42,7.58,1659439,-0.31,0.5,-4.09,6.6,0.25,-1
2018-08-31,7.78,8.08,7.74,8.01,765849,0.23,0.34,2.87,4.24,0.17,1
2018-08-30,8.12,8.22,7.7,7.79,1781289,-0.33,0.52,-4.24,6.68,0.26,-1
2018-08-29,8.27,8.29,8.1,8.12,410350,-0.15,0.19,-1.85,2.34,0.09,-1
2018-08-28,8.4,8.4,8.21,8.29,445100,-0.11,0.19,-1.33,2.29,0.09,-1
2018-08-27,8.22,8.4,8.22,8.36,278728,0.14,0.18,1.67,2.15,0.09,1
2018-08-24,8.25,8.25,8.13,8.23,348535,-0.02,0.12,-0.24,1.46,0.06,-1
2018-08-23,8.41,8.47,8.16,8.23,246614,-0.18,0.31,-2.19,3.77,0.16,-1
2018-08-22,8.4,8.47,8.36,8.41,366782,0.01,0.11,0.12,1.31,0.06,-1
2018-08-21,8.4,8.48,8.4,8.42,238961,0.02,0.08,0.24,0.95,0.04,-1
2018-08-20,8.48,8.57,8.33,8.42,330593,-0.06,0.24,-0.71,2.85,0.12,-1
2018-08-17,8.3,8.65,8.22,8.47,597375,0.17,0.43,2.01,5.08,0.21,1
2018-08-16,8.25,8.32,8.21,8.26,391813,0.01,0.11,0.12,1.33,0.05,1
2018-08-15,8.31,8.33,8.17,8.25,529233,-0.06,0.16,-0.73,1.94,0.08,-1
2018-08-14,8.28,8.37,8.28,8.31,691205,0.03,0.09,0.36,1.14,0.05,1
2018-08-13,8.29,8.4,8.24,8.29,668741,0.0,0.16,0.0,1.93,0.08,-1
2018-08-10,8.32,8.35,8.24,8.31,233989,-0.01,0.11,-0.12,1.32,0.05,-1
2018-08-09,8.32,8.36,8.25,8.33,273936,0.01,0.11,0.12,1.32,0.05,-1
2018-08-08,8.45,8.47,8.34,8.34,205996,-0.11,0.13,-1.32,1.56,0.07,-1
2018-08-07,8.41,8.45,8.38,8.41,218481,0.0,0.07,0.0,0.83,0.03,-1
2018-08-06,8.49,8.5,8.38,8.42,264866,-0.07,0.12,-0.83,1.43,0.06,-1
2018-08-03,8.47,8.61,8.44,8.49,269444,0.02,0.17,0.24,2.0,0.08,1
2018-08-02,8.32,8.44,8.32,8.41,455736,0.09,0.12,1.07,1.43,0.06,1
2018-08-01,8.42,8.51,8.34,8.39,389799,-0.03,0.17,-0.36,2.03,0.08,-1
2018-07-31,8.46,8.55,8.38,8.4,573271,-0.06,0.17,-0.71,2.02,0.08,-1
2018-07-30,8.59,8.67,8.49,8.51,286520,-0.08,0.18,-0.94,2.12,0.09,-1
2018-07-27,8.67,8.76,8.51,8.64,422538,-0.03,0.25,-0.35,2.89,0.12,-1
2018-07-26,8.65,9.06,8.63,9.02,381996,0.37,0.43,4.1,4.77,0.21,1
2018-07-25,8.32,8.63,8.32,8.63,470534,0.31,0.31,3.59,3.59,0.16,1
2018-07-24,8.34,8.44,8.3,8.35,940623,0.01,0.14,0.12,1.68,0.07,-1
2018-07-23,8.42,8.49,8.27,8.37,444603,-0.05,0.22,-0.6,2.63,0.11,-1
2018-07-20,8.27,8.42,8.27,8.4,747455,0.13,0.15,1.55,1.79,0.08,1
2018-07-19,8.36,8.43,8.28,8.33,551347,-0.03,0.15,-0.36,1.8,0.08,-1
2018-07-18,8.46,8.48,8.38,8.42,365411,-0.04,0.1,-0.48,1.19,0.05,-1
2018-07-17,8.53,8.6,8.4,8.45,461368,-0.08,0.2,-0.95,2.37,0.1,1
2018-07-16,8.36,8.49,8.36,8.42,600744,0.06,0.13,0.71,1.54,0.07,1
2018-07-13,8.36,8.41,8.31,8.36,504083,0.0,0.1,0.0,1.2,0.05,1
2018-07-12,8.38,8.44,8.18,8.33,697226,-0.05,0.26,-0.6,3.12,0.13,-1
2018-07-11,8.44,8.52,8.36,8.39,260215,-0.05,0.16,-0.6,1.91,0.08,-1
2018-07-10,8.51,8.54,8.43,8.47,101497,-0.04,0.11,-0.47,1.3,0.05,-1
2018-07-09,8.41,8.62,8.37,8.52,221374,0.11,0.25,1.29,2.93,0.12,1
2018-07-06,8.33,8.52,8.22,8.41,418512,0.08,0.3,0.95,3.57,0.15,1
2018-07-05,8.25,8.36,8.18,8.28,200573,0.03,0.18,0.36,2.23,0.09,1
2018-07-03,7.99,8.25,7.99,8.23,179885,0.24,0.26,2.92,3.16,0.13,1
2018-07-02,7.99,8.11,7.87,8.03,1156391,0.04,0.24,0.5,2.99,0.12,1
2018-06-29,8.12,8.2,7.86,7.95,1319370,-0.17,0.34,-2.14,4.28,0.17,-1
2018-06-28,8.45,8.45,8.09,8.1,915514,-0.35,0.36,-4.32,4.44,0.18,-1
2018-06-27,8.58,8.58,8.36,8.4,562587,-0.18,0.22,-2.14,2.62,0.11,-1
2018-06-26,8.35,8.64,8.3,8.55,477133,0.2,0.34,2.34,3.98,0.17,1
2018-06-25,8.52,8.58,8.31,8.38,817875,-0.14,0.27,-1.67,3.22,0.13,-1
2018-06-22,8.47,8.54,8.39,8.52,296781,0.05,0.15,0.59,1.76,0.07,1
2018-06-21,8.62,8.96,8.48,8.5,452822,-0.12,0.48,-1.41,5.65,0.24,-1
2018-06-20,8.55,8.62,8.43,8.57,431633,0.02,0.19,0.23,2.22,0.09,1
2018-06-19,8.24,8.53,8.23,8.46,401565,0.22,0.3,2.6,3.55,0.15,1
2018-06-18,8.25,8.29,8.09,8.26,1017938,0.01,0.2,0.12,2.42,0.1,-1
2018-06-15,8.29,8.32,8.2,8.3,436680,0.01,0.12,0.12,1.45,0.06,1
2018-06-14,8.29,8.36,8.22,8.25,370409,-0.04,0.14,-0.48,1.7,0.07,-1
2018-06-13,8.32,8.34,8.23,8.27,299299,-0.05,0.11,-0.6,1.33,0.05,-1
2018-06-12,8.32,8.35,8.14,8.31,262732,-0.01,0.21,-0.12,2.53,0.1,1
2018-06-11,8.4,8.4,8.25,8.3,310891,-0.1,0.15,-1.2,1.81,0.08,-1
2018-06-08,8.4,8.4,8.25,8.37,247069,-0.03,0.15,-0.36,1.79,0.08,1
2018-06-07,8.46,8.49,8.27,8.29,293849,-0.17,0.22,-2.05,2.65,0.11,-1
2018-06-06,8.65,8.71,8.44,8.5,809789,-0.15,0.27,-1.76,3.18,0.14,-1
2018-06-05,8.22,8.8,8.21,8.69,1286405,0.47,0.59,5.41,6.79,0.29,1
2018-06-04,8.18,8.25,8.15,8.22,913581,0.04,0.1,0.49,1.22,0.05,1
2018-06-01,8.2,8.22,8.09,8.15,319455,-0.05,0.13,-0.61,1.6,0.07,1
2018-05-31,8.06,8.2,7.94,8.13,2255880,0.07,0.26,0.86,3.2,0.13,1
2018-05-30,7.91,8.03,7.77,8.02,782182,0.11,0.26,1.37,3.24,0.13,1
2018-05-29,8.14,8.14,7.88,7.91,772053,-0.23,0.26,-2.91,3.29,0.13,-1
2018-05-25,8.17,8.18,7.96,8.14,648969,-0.03,0.22,-0.37,2.7,0.11,-1
2018-05-24,8.19,8.2,8.07,8.15,294063,-0.04,0.12,-0.49,1.53,0.06,-1
2018-05-23,8.13,8.24,8.07,8.18,538345,0.05,0.17,0.61,2.08,0.08,1
2018-05-22,8.07,8.21,8.04,8.12,581178,0.05,0.17,0.62,2.09,0.09,1
2018-05-21,8.11,8.2,8.05,8.08,365264,-0.03,0.15,-0.37,1.86,0.07,-1
2018-05-18,8.19,8.19,7.85,8.1,597601,-0.09,0.34,-1.11,4.2,0.17,-1
2018-05-17,8.24,8.29,8.0,8.23,855917,-0.01,0.29,-0.12,3.52,0.14,-1
2018-05-16,7.79,8.35,7.7,8.28,1589598,0.49,0.65,5.92,7.85,0.32,1
2018-05-15,7.7,7.77,7.47,7.76,607617,0.06,0.3,0.77,3.87,0.15,1
2018-05-14,7.28,7.57,7.27,7.54,459615,0.26,0.3,3.45,3.98,0.15,1
2018-05-11,7.4,7.57,7.4,7.51,511947,0.11,0.17,1.46,2.26,0.08,1
2018-05-10,7.37,7.46,7.36,7.43,399017,0.06,0.1,0.81,1.35,0.05,1
2018-05-09,7.5,7.55,7.38,7.4,414760,-0.1,0.17,-1.35,2.3,0.08,-1
2018-05-08,7.6,7.69,7.37,7.49,1037030,-0.11,0.32,-1.47,4.27,0.16,-1
2018-05-07,7.3,7.72,7.3,7.63,753492,0.33,0.42,4.33,5.5,0.21,1
2018-05-04,7.23,7.58,7.23,7.3,2115183,0.07,0.35,0.96,4.79,0.17,1
2018-05-03,7.61,7.61,7.2,7.22,734722,-0.39,0.41,-5.4,5.68,0.21,-1
2018-05-02,7.61,7.67,7.56,7.58,533406,-0.03,0.11,-0.4,1.45,0.06,-1
2018-05-01,7.69,7.83,7.54,7.58,301815,-0.11,0.29,-1.45,3.83,0.15,-1
2018-04-30,7.83,7.83,7.69,7.72,747172,-0.11,0.14,-1.42,1.81,0.07,-1
2018-04-27,7.78,7.91,7.78,7.84,195989,0.06,0.13,0.77,1.66,0.06,1
2018-04-26,7.8,7.83,7.67,7.73,461359,-0.07,0.16,-0.91,2.07,0.08,-1
2018-04-25,7.74,7.82,7.68,7.75,475872,0.01,0.14,0.13,1.81,0.07,-1
2018-04-24,7.91,7.97,7.74,7.79,272608,-0.12,0.23,-1.54,2.95,0.11,-1
2018-04-23,7.85,7.91,7.7,7.84,513153,-0.01,0.21,-0.13,2.68,0.1,1
2018-04-20,7.95,8.02,7.79,7.83,315659,-0.12,0.23,-1.53,2.94,0.11,-1
2018-04-19,8.05,8.13,7.86,7.91,426491,-0.14,0.27,-1.77,3.41,0.14,-1
2018-04-18,8.0,8.14,8.0,8.02,276249,0.02,0.14,0.25,1.75,0.07,-1
2018-04-17,7.93,8.1,7.93,8.02,501394,0.09,0.17,1.12,2.12,0.08,1
2018-04-16,7.95,8.03,7.77,7.87,884948,-0.08,0.26,-1.02,3.3,0.13,-1
2018-04-13,7.98,8.07,7.92,7.93,409381,-0.05,0.15,-0.63,1.89,0.08,-1
2018-04-12,8.03,8.14,7.99,8.01,510101,-0.02,0.15,-0.25,1.87,0.08,-1
2018-04-11,7.94,8.05,7.91,8.02,418646,0.08,0.14,1.0,1.75,0.07,1
2018-04-10,7.92,8.02,7.88,8.0,556418,0.08,0.14,1.0,1.75,0.07,1
2018-04-09,8.09,8.24,7.85,7.87,685738,-0.22,0.39,-2.8,4.96,0.2,-1
2018-04-06,8.02,8.22,8.02,8.09,599137,0.07,0.2,0.87,2.47,0.1,1
2018-04-05,7.93,8.13,7.9,8.06,824014,0.13,0.23,1.61,2.85,0.12,1
2018-04-04,7.39,7.9,7.22,7.86,1152862,0.47,0.68,5.98,8.65,0.34,1
2018-04-03,7.54,7.65,7.51,7.61,298858,0.07,0.14,0.92,1.84,0.07,1
2018-04-02,7.56,7.68,7.37,7.52,620712,-0.04,0.31,-0.53,4.12,0.15,-1
2018-03-29,7.36,7.57,7.31,7.52,366239,0.16,0.26,2.13,3.46,0.13,1
2018-03-28,7.43,7.47,7.24,7.33,595791,-0.1,0.23,-1.36,3.14,0.11,-1
2018-03-27,7.6,7.64,7.43,7.44,702664,-0.16,0.21,-2.15,2.82,0.1,-1
2018-03-26,7.62,7.89,7.54,7.57,1522129,-0.05,0.35,-0.66,4.62,0.17,-1
2018-03-23,7.72,7.73,7.6,7.6,771251,-0.12,0.13,-1.58,1.71,0.07,-1
2018-03-22,7.67,7.85,7.57,7.72,701964,0.05,0.28,0.65,3.63,0.14,1
2018-03-21,7.91,7.93,7.62,7.71,589635,-0.2,0.31,-2.59,4.02,0.15,-1
2018-03-20,7.92,7.95,7.79,7.93,434717,0.01,0.16,0.13,2.02,0.08,1
2018-03-19,8.09,8.15,7.72,7.92,1154508,-0.17,0.43,-2.15,5.43,0.22,-1
2018-03-16,8.2,8.32,8.07,8.13,888869,-0.07,0.25,-0.86,3.08,0.12,-1
2018-03-15,8.36,8.44,8.17,8.25,1018584,-0.11,0.27,-1.33,3.27,0.13,-1
2018-03-14,8.32,8.45,8.32,8.35,1185973,0.03,0.13,0.36,1.56,0.06,1
2018-03-13,8.33,8.48,8.2,8.32,1524484,-0.01,0.28,-0.12,3.37,0.14,1
2018-03-12,8.35,8.55,8.22,8.3,1490066,-0.05,0.33,-0.6,3.98,0.17,-1
2018-03-09,8.69,8.79,8.25,8.31,843781,-0.38,0.54,-4.57,6.5,0.27,-1
2018-03-08,8.72,8.73,8.6,8.66,306629,-0.06,0.13,-0.69,1.5,0.07,-1
2018-03-07,8.61,8.74,8.58,8.68,674949,0.07,0.16,0.81,1.84,0.08,-1
2018-03-06,8.8,8.87,8.57,8.7,412167,-0.1,0.3,-1.15,3.45,0.15,-1
2018-03-05,8.84,8.95,8.78,8.82,352539,-0.02,0.17,-0.23,1.93,0.08,-1
2018-03-02,8.77,9.01,8.69,8.92,581679,0.15,0.32,1.68,3.59,0.16,1
2018-03-01,8.95,9.01,8.77,8.82,495368,-0.13,0.24,-1.47,2.72,0.12,-1
2018-02-28,9.0,9.06,8.88,8.99,445736,-0.01,0.18,-0.11,2.0,0.09,1
2018-02-27,9.1,9.21,8.96,8.97,488456,-0.13,0.25,-1.45,2.79,0.12,-1
2018-02-26,9.02,9.12,8.9,9.07,363321,0.05,0.22,0.55,2.43,0.11,1
2018-02-23,8.87,9.11,8.82,8.98,1142449,0.11,0.29,1.22,3.23,0.14,1
2018-02-22,9.21,9.21,8.79,8.83,1017568,-0.38,0.42,-4.3,4.76,0.21,-1
2018-02-21,9.27,9.48,9.15,9.19,334098,-0.08,0.33,-0.87,3.59,0.17,-1
2018-02-20,9.2,9.33,9.16,9.29,219429,0.09,0.17,0.97,1.83,0.08,1
2018-02-16,9.25,9.25,9.13,9.21,504394,-0.04,0.12,-0.43,1.3,0.06,-1
2018-02-15,9.41,9.41,9.12,9.26,371608,-0.15,0.29,-1.62,3.13,0.15,-1
2018-02-14,9.0,9.45,8.99,9.41,468779,0.41,0.46,4.36,4.89,0.23,1
2018-02-13,9.33,9.44,9.01,9.01,620567,-0.32,0.43,-3.55,4.77,0.21,-1
2018-02-12,9.47,9.65,9.29,9.41,403566,-0.06,0.36,-0.64,3.83,0.18,-1
2018-02-09,9.57,9.59,9.13,9.44,589490,-0.13,0.46,-1.38,4.87,0.23,-1
2018-02-08,9.61,9.74,9.43,9.49,1838725,-0.12,0.31,-1.26,3.27,0.16,-1
2018-02-07,9.39,9.75,9.38,9.57,963879,0.18,0.37,1.88,3.87,0.18,1
2018-02-06,8.98,9.56,8.98,9.47,1346395,0.49,0.58,5.17,6.12,0.29,1
2018-02-05,9.34,9.37,9.0,9.05,495785,-0.29,0.37,-3.2,4.09,0.18,-1
2018-02-02,9.86,9.86,9.39,9.4,487790,-0.46,0.47,-4.89,5.0,0.23,-1
2018-02-01,9.65,9.91,9.65,9.89,601643,0.24,0.26,2.43,2.63,0.13,1
2018-01-31,9.74,9.78,9.64,9.69,465545,-0.05,0.14,-0.52,1.44,0.07,-1
2018-01-30,9.92,9.98,9.7,9.72,568852,-0.2,0.28,-2.06,2.88,0.14,-1
2018-01-29,10.3,10.3,9.97,9.98,941428,-0.32,0.33,-3.21,3.31,0.17,-1
2018-01-26,10.16,10.25,10.16,10.23,333137,0.07,0.09,0.68,0.88,0.04,1
2018-01-25,10.0,10.16,9.99,10.14,295613,0.14,0.17,1.38,1.68,0.08,1
2018-01-24,10.2,10.28,9.98,9.99,555070,-0.21,0.3,-2.1,3.0,0.15,-1
2018-01-23,10.08,10.29,10.07,10.18,486677,0.1,0.22,0.98,2.16,0.11,1
2018-01-22,9.8,10.06,9.79,10.06,701064,0.26,0.27,2.58,2.68,0.14,1
2018-01-19,9.77,9.82,9.7,9.78,375695,0.01,0.12,0.1,1.23,0.06,-1
2018-01-18,9.81,9.83,9.67,9.82,614903,0.01,0.16,0.1,1.63,0.08,1
2018-01-17,9.73,9.9,9.69,9.81,522810,0.08,0.21,0.82,2.14,0.11,1
2018-01-16,10.09,10.11,9.58,9.73,813375,-0.36,0.53,-3.7,5.45,0.26,-1
2018-01-12,10.06,10.16,10.0,10.12,436981,0.06,0.16,0.59,1.58,0.08,1
2018-01-11,9.99,10.04,9.86,10.01,302685,0.02,0.18,0.2,1.8,0.09,1
2018-01-10,10.32,10.32,9.97,9.97,481620,-0.35,0.35,-3.51,3.51,0.17,-1
2018-01-09,10.17,10.38,10.17,10.32,437147,0.15,0.21,1.45,2.03,0.11,1
2018-01-08,10.34,10.36,10.06,10.12,626292,-0.22,0.3,-2.17,2.96,0.15,-1
2018-01-05,10.51,10.51,10.31,10.35,322509,-0.16,0.2,-1.55,1.93,0.1,-1
2018-01-04,10.56,10.63,10.49,10.51,299493,-0.05,0.14,-0.48,1.33,0.07,-1
2018-01-03,10.34,10.57,10.32,10.56,264317,0.22,0.25,2.08,2.37,0.12,1
2018-01-02,10.42,10.43,10.18,10.34,465207,-0.08,0.25,-0.77,2.42,0.12,-1
2017-12-29,10.35,10.49,10.3,10.34,278125,-0.01,0.19,-0.1,1.84,0.09,-1
2017-12-28,10.28,10.38,10.22,10.38,203655,0.1,0.16,0.96,1.54,0.08,1
2017-12-27,10.35,10.38,10.28,10.28,244980,-0.07,0.1,-0.68,0.97,0.05,-1
2017-12-26,10.21,10.35,10.21,10.33,186110,0.12,0.14,1.16,1.36,0.07,1
2017-12-22,10.15,10.28,10.15,10.19,212546,0.04,0.13,0.39,1.28,0.06,1
2017-12-21,10.29,10.32,10.16,10.16,352383,-0.13,0.16,-1.28,1.57,0.08,-1
2017-12-20,10.25,10.31,10.15,10.28,362569,0.03,0.16,0.29,1.56,0.08,1
2017-12-19,10.23,10.29,10.14,10.19,280791,-0.04,0.15,-0.39,1.47,0.07,-1
2017-12-18,10.09,10.22,10.06,10.22,579317,0.13,0.16,1.27,1.57,0.08,1
2017-12-15,10.07,10.1,9.96,9.99,616498,-0.08,0.14,-0.8,1.4,0.07,-1
2017-12-14,10.12,10.24,9.98,10.01,469626,-0.11,0.26,-1.1,2.6,0.13,-1
2017-12-13,10.19,10.43,10.15,10.15,725656,-0.04,0.28,-0.39,2.76,0.14,-1
2017-12-12,10.05,10.46,10.04,10.22,663125,0.17,0.42,1.66,4.11,0.21,1
2017-12-11,9.89,10.02,9.89,10.01,400107,0.12,0.13,1.2,1.3,0.06,1
2017-12-08,9.82,10.04,9.79,9.9,449017,0.08,0.25,0.81,2.53,0.12,1
2017-12-07,9.65,9.81,9.54,9.77,446031,0.12,0.27,1.23,2.76,0.14,1
2017-12-06,9.84,9.89,9.68,9.71,299395,-0.13,0.21,-1.34,2.16,0.11,-1
2017-12-05,9.76,9.89,9.74,9.85,501932,0.09,0.15,0.91,1.52,0.08,1
2017-12-04,9.85,9.98,9.71,9.75,929634,-0.1,0.27,-1.03,2.77,0.13,-1
2017-12-01,9.77,9.96,9.75,9.79,459569,0.02,0.21,0.2,2.15,0.11,-1
2017-11-30,9.83,9.94,9.76,9.79,803706,-0.04,0.18,-0.41,1.84,0.09,-1
2017-11-29,9.67,9.87,9.64,9.83,685464,0.16,0.23,1.63,2.34,0.11,1
2017-11-28,9.7,9.74,9.56,9.64,628996,-0.06,0.18,-0.62,1.82,0.09,-1
2017-11-27,9.51,9.79,9.41,9.64,852102,0.13,0.38,1.35,3.94,0.19,1
2017-11-24,9.5,9.65,9.47,9.6,416716,0.1,0.18,1.04,1.87,0.09,1
2017-11-22,9.23,9.5,9.23,9.47,732291,0.24,0.27,2.53,2.85,0.13,1
2017-11-21,9.0,9.23,8.95,9.18,998111,0.18,0.28,1.96,3.05,0.14,1
2017-11-20,9.01,9.21,8.92,9.02,807978,0.01,0.29,0.11,3.22,0.15,-1
2017-11-17,9.04,9.16,8.95,9.02,808883,-0.02,0.21,-0.22,2.38,0.11,-1
2017-11-16,8.7,9.29,8.7,9.07,1389757,0.37,0.59,4.08,6.5,0.29,1
2017-11-15,8.45,8.76,8.33,8.62,1954122,0.17,0.43,1.97,4.98,0.21,1
2017-11-14,9.25,9.26,8.4,8.55,3666679,-0.7,0.86,-8.19,10.06,0.43,-1
2017-11-13,9.38,9.49,9.27,9.33,914693,-0.05,0.22,-0.54,2.41,0.11,-1
2017-11-10,9.32,9.46,9.27,9.34,1020014,0.02,0.2,0.21,2.09,0.1,1
2017-11-09,9.67,9.79,9.32,9.33,812004,-0.34,0.47,-3.64,5.04,0.23,-1
2017-11-08,9.74,9.82,9.66,9.73,555653,-0.01,0.16,-0.1,1.64,0.08,1
2017-11-07,9.69,9.77,9.66,9.7,595992,0.01,0.11,0.1,1.13,0.05,1
2017-11-06,9.89,9.91,9.62,9.66,761708,-0.23,0.29,-2.38,3.0,0.15,-1
2017-11-03,9.95,10.04,9.75,9.89,1055642,-0.06,0.29,-0.61,2.93,0.14,-1
2017-11-02,10.36,10.36,9.93,9.96,688007,-0.4,0.43,-4.02,4.32,0.21,-1
2017-11-01,10.25,10.43,10.19,10.33,664238,0.08,0.24,0.77,2.32,0.12,1
2017-10-31,10.25,10.39,10.03,10.16,748861,-0.09,0.36,-0.89,3.54,0.18,-1
2017-10-30,10.44,10.44,10.14,10.23,591410,-0.21,0.3,-2.05,2.93,0.15,-1
2017-10-27,10.75,10.82,10.4,10.49,585679,-0.26,0.41,-2.48,3.96,0.21,-1
2017-10-26,10.63,10.91,10.62,10.75,779348,0.12,0.29,1.12,2.7,0.15,1
2017-10-25,10.51,10.69,10.47,10.62,432206,0.11,0.22,1.04,2.07,0.11,1
2017-10-24,10.36,10.62,10.34,10.57,788936,0.21,0.28,1.99,2.65,0.14,1
2017-10-23,10.32,10.41,10.22,10.37,379270,0.05,0.19,0.48,1.83,0.09,1
2017-10-20,10.41,10.45,10.29,10.34,390337,-0.07,0.16,-0.68,1.55,0.08,-1
2017-10-19,10.42,10.45,10.33,10.4,365254,-0.02,0.12,-0.19,1.15,0.06,-1
2017-10-18,10.37,10.46,10.36,10.42,378218,0.05,0.11,0.48,1.01,0.05,-1
2017-10-17,10.63,10.68,10.35,10.45,391102,-0.18,0.33,-1.72,3.16,0.17,-1
2017-10-16,10.51,10.74,10.51,10.68,581630,0.17,0.23,1.59,2.15,0.12,1
2017-10-13,10.49,10.6,10.36,10.5,550157,0.01,0.24,0.1,2.29,0.12,1
2017-10-12,10.36,10.53,10.29,10.48,315625,0.12,0.24,1.15,2.29,0.12,1
2017-10-11,10.39,10.46,10.29,10.34,419151,-0.05,0.18,-0.48,1.69,0.09,-1
2017-10-10,10.48,10.59,10.34,10.38,356593,-0.1,0.25,-0.96,2.41,0.12,-1
2017-10-09,10.65,10.81,10.43,10.44,449626,-0.21,0.38,-2.01,3.64,0.19,-1
2017-10-06,10.88,10.98,10.6,10.62,430963,-0.26,0.38,-2.45,3.58,0.19,-1
2017-10-05,10.95,11.04,10.9,10.94,332367,-0.01,0.14,-0.09,1.28,0.07,1
2017-10-04,11.0,11.14,10.86,10.9,739713,-0.1,0.28,-0.92,2.57,0.14,-1
2017-10-03,11.04,11.15,10.84,10.94,625192,-0.1,0.31,-0.91,2.83,0.16,-1
2017-10-02,10.8,11.05,10.8,11.02,726233,0.22,0.25,2.0,2.27,0.12,1
2017-09-29,10.55,10.87,10.51,10.8,861690,0.25,0.36,2.31,3.33,0.18,1
2017-09-28,10.29,10.52,10.28,10.52,931366,0.23,0.24,2.19,2.28,0.12,1
2017-09-27,10.29,10.31,10.13,10.27,538627,-0.02,0.18,-0.19,1.75,0.09,-1
2017-09-26,10.04,10.33,10.02,10.27,459043,0.23,0.31,2.24,3.02,0.16,1
2017-09-25,10.16,10.23,9.99,10.05,483658,-0.11,0.24,-1.09,2.39,0.12,-1
2017-09-22,9.95,10.18,9.93,10.17,491076,0.22,0.25,2.16,2.46,0.12,1
2017-09-21,9.84,10.02,9.79,9.96,463383,0.12,0.23,1.2,2.31,0.12,1
2017-09-20,9.87,9.95,9.79,9.83,354779,-0.04,0.16,-0.41,1.63,0.08,-1
2017-09-19,10.14,10.18,9.85,9.87,843211,-0.27,0.33,-2.74,3.34,0.17,-1
2017-09-18,10.16,10.37,10.12,10.14,919101,-0.02,0.25,-0.2,2.47,0.12,-1
2017-09-15,10.15,10.29,10.14,10.17,949155,0.02,0.15,0.2,1.47,0.07,1
2017-09-14,10.04,10.21,9.87,10.16,650954,0.12,0.34,1.18,3.35,0.17,1
2017-09-13,9.74,10.08,9.72,10.07,501276,0.33,0.36,3.28,3.57,0.18,1
2017-09-12,9.7,9.82,9.7,9.74,256226,0.04,0.12,0.41,1.23,0.06,1
2017-09-11,9.7,9.83,9.65,9.72,564213,0.02,0.18,0.21,1.85,0.09,1
2017-09-08,9.8,9.83,9.59,9.66,421648,-0.14,0.24,-1.45,2.48,0.12,-1
2017-09-07,10.12,10.12,9.8,9.81,288194,-0.31,0.32,-3.16,3.26,0.16,-1
2017-09-06,10.03,10.15,9.94,10.05,344911,0.02,0.21,0.2,2.09,0.11,1
2017-09-05,9.85,10.08,9.84,9.97,570436,0.12,0.24,1.2,2.41,0.12,1
2017-09-01,9.73,9.9,9.73,9.84,297476,0.11,0.17,1.12,1.73,0.08,1
2017-08-31,9.63,9.73,9.54,9.7,867947,0.07,0.2,0.72,2.01,0.1,1
2017-08-30,9.7,9.77,9.62,9.64,691477,-0.06,0.15,-0.62,1.56,0.08,-1
2017-08-29,9.82,9.84,9.62,9.67,1149049,-0.15,0.21,-1.55,2.22,0.11,-1
2017-08-28,9.92,9.93,9.78,9.84,582496,-0.08,0.15,-0.81,1.52,0.08,-1
2017-08-25,10.02,10.05,9.89,9.89,533006,-0.13,0.16,-1.31,1.62,0.08,-1
2017-08-24,10.23,10.23,10.08,10.09,223568,-0.14,0.15,-1.39,1.49,0.08,-1
2017-08-23,9.88,10.22,9.88,10.21,808430,0.33,0.33,3.23,3.28,0.17,1
2017-08-22,9.76,9.97,9.7,9.87,944380,0.11,0.27,1.11,2.74,0.14,1
2017-08-21,9.99,9.99,9.74,9.76,456351,-0.23,0.25,-2.36,2.56,0.12,-1
2017-08-18,10.06,10.07,9.92,9.99,335723,-0.07,0.15,-0.7,1.5,0.08,-1
2017-08-17,9.97,10.19,9.97,10.06,663559,0.09,0.22,0.89,2.19,0.11,1
2017-08-16,10.43,10.43,9.99,10.01,855463,-0.42,0.44,-4.2,4.4,0.22,-1
2017-08-15,10.35,10.45,10.05,10.05,291664,-0.3,0.4,-2.99,3.98,0.2,-1
2017-08-14,10.0,10.37,10.0,10.34,1288126,0.34,0.37,3.29,3.58,0.18,1
2017-08-11,9.9,10.1,9.74,9.93,572068,0.03,0.36,0.3,3.58,0.18,-1
2017-08-10,10.0,10.02,9.94,9.97,1218366,-0.03,0.07,-0.3,0.75,0.04,-1
2017-08-09,10.04,10.05,9.94,10.02,269007,-0.02,0.11,-0.2,1.1,0.06,-1
2017-08-08,10.1,10.16,10.0,10.04,671868,-0.06,0.16,-0.6,1.59,0.08,-1
2017-08-07,10.05,10.15,9.98,10.11,319940,0.06,0.17,0.59,1.68,0.08,-1
2017-08-04,10.1,10.16,10.07,10.11,211300,0.01,0.09,0.1,0.89,0.04,1
2017-08-03,10.12,10.22,10.06,10.1,484218,-0.02,0.15,-0.2,1.53,0.08,-1
2017-08-02,10.11,10.18,10.06,10.12,221302,0.01,0.12,0.1,1.19,0.06,-1
2017-08-01,10.18,10.24,10.11,10.13,309510,-0.05,0.13,-0.49,1.28,0.07,-1
2017-07-31,10.05,10.22,10.03,10.17,583367,0.12,0.19,1.18,1.87,0.1,1
2017-07-28,10.1,10.14,9.98,10.02,345682,-0.08,0.15,-0.8,1.53,0.08,-1
2017-07-27,10.29,10.31,10.09,10.1,715150,-0.19,0.22,-1.88,2.18,0.11,-1
2017-07-26,10.45,10.55,10.29,10.3,845182,-0.15,0.26,-1.46,2.52,0.13,-1
2017-07-25,10.46,10.52,10.31,10.45,879294,-0.01,0.21,-0.1,2.01,0.1,1
2017-07-24,10.57,10.63,10.4,10.42,565450,-0.15,0.24,-1.44,2.26,0.12,-1
2017-07-21,9.99,10.62,9.94,10.59,2077108,0.6,0.68,5.67,6.42,0.34,1
2017-07-20,10.02,10.07,9.92,9.99,614336,-0.03,0.15,-0.3,1.5,0.08,1
2017-07-19,9.8,10.11,9.73,9.98,1392779,0.18,0.38,1.8,3.81,0.19,1
2017-07-18,9.88,9.88,9.7,9.8,893877,-0.08,0.18,-0.82,1.79,0.09,-1
2017-07-17,9.94,10.01,9.87,9.89,350696,-0.05,0.14,-0.51,1.43,0.07,-1
2017-07-14,9.98,10.0,9.88,9.96,688209,-0.02,0.12,-0.2,1.2,0.06,-1
2017-07-13,9.91,10.03,9.79,9.98,758959,0.07,0.24,0.7,2.4,0.12,1
2017-07-12,9.66,10.12,9.66,9.88,1215868,0.22,0.46,2.23,4.61,0.23,1
2017-07-11,9.69,9.69,9.52,9.57,657703,-0.12,0.17,-1.25,1.78,0.08,-1
2017-07-10,9.66,9.83,9.66,9.68,232413,0.02,0.17,0.21,1.76,0.08,1
2017-07-07,9.72,9.74,9.62,9.65,358119,-0.07,0.12,-0.73,1.3,0.06,-1
2017-07-06,9.88,9.98,9.65,9.68,658607,-0.2,0.33,-2.07,3.41,0.17,-1
2017-07-05,10.08,10.1,9.75,9.84,1075116,-0.24,0.35,-2.44,3.56,0.17,-1
2017-07-03,10.02,10.23,10.02,10.07,666523,0.05,0.21,0.5,2.09,0.11,1
2017-06-30,9.91,10.02,9.78,9.99,1710844,0.08,0.24,0.8,2.4,0.12,1
2017-06-29,10.07,10.11,9.77,9.91,909541,-0.16,0.34,-1.61,3.43,0.17,-1
2017-06-28,9.9,10.13,9.85,10.1,1075447,0.2,0.28,1.98,2.77,0.14,1
2017-06-27,9.97,10.07,9.82,9.82,602534,-0.15,0.25,-1.53,2.55,0.12,-1
2017-06-26,10.02,10.04,9.92,10.0,467383,-0.02,0.12,-0.2,1.2,0.06,1
2017-06-23,10.0,10.04,9.95,9.99,547172,-0.01,0.1,-0.1,0.95,0.05,-1
2017-06-22,9.99,10.24,9.99,10.03,499102,0.04,0.25,0.4,2.49,0.12,1
2017-06-21,10.16,10.22,9.73,9.98,1446976,-0.18,0.49,-1.8,4.91,0.25,-1
2017-06-20,10.17,10.44,10.12,10.31,1313699,0.14,0.32,1.36,3.1,0.16,1
2017-06-19,9.96,10.17,9.91,10.14,841933,0.18,0.26,1.78,2.56,0.13,1
2017-06-16,9.84,9.98,9.65,9.98,1956096,0.14,0.33,1.4,3.31,0.17,1
2017-06-15,10.1,10.1,9.8,9.84,835486,-0.26,0.3,-2.64,3.05,0.15,-1
2017-06-14,10.46,10.46,10.14,10.16,442049,-0.3,0.32,-2.95,3.15,0.16,-1
2017-06-13,9.85,10.43,9.81,10.4,916048,0.55,0.62,5.29,5.96,0.31,1
2017-06-12,10.3,10.33,10.13,10.15,725469,-0.15,0.2,-1.48,1.97,0.1,-1
2017-06-09,10.16,10.42,10.14,10.33,802291,0.17,0.27,1.65,2.66,0.14,1
2017-06-08,10.53,10.54,10.07,10.18,660155,-0.35,0.47,-3.44,4.67,0.24,-1
2017-06-07,10.52,10.69,10.48,10.57,580202,0.05,0.21,0.47,1.99,0.1,1
2017-06-06,10.58,10.64,10.18,10.46,1692250,-0.12,0.46,-1.15,4.4,0.23,-1
2017-06-05,10.91,10.97,10.54,10.57,983066,-0.34,0.43,-3.22,4.07,0.22,-1
2017-06-02,11.12,11.12,10.93,10.94,607145,-0.18,0.19,-1.65,1.74,0.09,-1
2017-06-01,11.03,11.18,10.98,11.1,786942,0.07,0.2,0.63,1.8,0.1,1
2017-05-31,11.14,11.3,11.0,11.0,965752,-0.14,0.3,-1.27,2.73,0.15,-1
2017-05-30,11.34,11.43,11.13,11.14,773365,-0.2,0.3,-1.8,2.69,0.15,-1
2017-05-26,11.3,11.47,11.27,11.39,1016205,0.09,0.2,0.79,1.76,0.1,1
2017-05-25,11.31,11.36,11.19,11.28,455145,-0.03,0.17,-0.27,1.51,0.09,1
2017-05-24,11.24,11.39,11.18,11.27,570427,0.03,0.21,0.27,1.86,0.11,1
2017-05-23,11.13,11.25,11.05,11.24,433267,0.11,0.2,0.98,1.78,0.1,1
2017-05-22,11.08,11.15,10.99,11.07,474509,-0.01,0.16,-0.09,1.45,0.08,-1
2017-05-19,10.79,11.16,10.78,11.11,1036287,0.32,0.38,2.88,3.42,0.19,1
2017-05-18,11.38,11.38,10.76,10.76,1435979,-0.62,0.62,-5.76,5.76,0.31,-1
2017-05-17,11.5,11.74,11.4,11.4,1221071,-0.1,0.34,-0.88,2.98,0.17,-1
2017-05-16,11.53,11.92,11.46,11.62,1942840,0.09,0.46,0.77,3.96,0.23,1
2017-05-15,11.5,11.6,11.5,11.52,997406,0.02,0.1,0.17,0.87,0.05,1
2017-05-12,11.41,11.59,11.32,11.5,644885,0.09,0.27,0.78,2.35,0.13,1
2017-05-11,11.55,11.55,11.2,11.44,796698,-0.11,0.35,-0.96,3.06,0.18,-1
2017-05-10,11.32,11.56,11.3,11.55,1659389,0.23,0.26,1.99,2.25,0.13,1
2017-05-09,11.35,11.39,11.19,11.3,376488,-0.05,0.2,-0.44,1.77,0.1,-1
2017-05-08,11.39,11.4,11.22,11.31,338827,-0.08,0.18,-0.71,1.59,0.09,-1
2017-05-05,11.45,11.52,11.37,11.4,755424,-0.05,0.15,-0.44,1.32,0.08,-1
2017-05-04,11.33,11.55,11.27,11.41,2342494,0.08,0.28,0.7,2.45,0.14,1
2017-05-03,11.24,11.37,11.19,11.36,672958,0.12,0.18,1.06,1.58,0.09,1
2017-05-02,11.15,11.34,11.14,11.26,603106,0.11,0.2,0.98,1.75,0.1,1
2017-05-01,11.19,11.31,11.07,11.17,336762,-0.02,0.24,-0.18,2.15,0.12,1
2017-04-28,10.81,11.19,10.79,11.09,950163,0.28,0.4,2.52,3.62,0.2,1
2017-04-27,11.03,11.07,10.77,10.79,594953,-0.24,0.3,-2.22,2.78,0.15,-1
2017-04-26,11.09,11.15,11.03,11.03,441258,-0.06,0.12,-0.54,1.09,0.06,-1
2017-04-25,11.25,11.3,11.07,11.07,519915,-0.18,0.23,-1.63,2.08,0.12,-1
2017-04-24,11.25,11.4,11.22,11.23,757102,-0.02,0.18,-0.18,1.56,0.09,1
2017-04-21,11.41,11.48,11.18,11.19,479083,-0.22,0.29,-1.97,2.64,0.15,-1
2017-04-20,11.49,11.5,11.42,11.42,863651,-0.07,0.08,-0.61,0.7,0.04,-1
2017-04-19,11.56,11.7,11.38,11.42,686146,-0.14,0.32,-1.23,2.8,0.16,-1
2017-04-18,11.57,11.74,11.49,11.51,353763,-0.06,0.25,-0.52,2.17,0.12,-1
2017-04-17,11.56,11.7,11.56,11.65,399576,0.09,0.14,0.77,1.2,0.07,1
2017-04-13,11.56,11.6,11.38,11.48,1896391,-0.08,0.22,-0.7,1.96,0.11,-1
2017-04-12,11.57,11.76,11.52,11.58,420572,0.01,0.24,0.09,2.07,0.12,-1
2017-04-11,11.7,11.8,11.56,11.6,606790,-0.1,0.24,-0.86,2.07,0.12,-1
2017-04-10,11.42,11.74,11.42,11.7,1639563,0.28,0.32,2.39,2.74,0.16,1
2017-04-07,11.14,11.65,11.14,11.37,1740160,0.23,0.51,2.02,4.49,0.25,1
2017-04-06,11.03,11.18,10.96,11.12,680424,0.09,0.22,0.81,1.98,0.11,1
2017-04-05,11.4,11.47,10.98,10.98,2773467,-0.42,0.49,-3.83,4.46,0.25,-1
2017-04-04,11.54,11.56,11.45,11.55,318763,0.01,0.12,0.09,1.0,0.06,-1
2017-04-03,11.5,11.67,11.49,11.55,416137,0.05,0.18,0.43,1.56,0.09,1
2017-03-31,11.43,11.51,11.38,11.46,564532,0.03,0.13,0.26,1.13,0.06,-1
2017-03-30,11.56,11.65,11.45,11.47,516487,-0.09,0.2,-0.78,1.74,0.1,-1
2017-03-29,11.35,11.67,11.35,11.57,561629,0.22,0.32,1.9,2.77,0.16,1
2017-03-28,11.6,11.62,11.29,11.34,567637,-0.26,0.33,-2.29,2.91,0.17,-1
2017-03-27,11.72,11.75,11.48,11.61,1194975,-0.11,0.27,-0.95,2.33,0.13,-1
2017-03-24,11.68,11.84,11.68,11.77,237103,0.09,0.16,0.76,1.36,0.08,1
2017-03-23,11.75,11.8,11.62,11.7,299496,-0.05,0.19,-0.43,1.58,0.09,-1
2017-03-22,12.0,12.06,11.67,11.71,902009,-0.29,0.39,-2.48,3.33,0.2,-1
2017-03-21,12.09,12.16,11.9,12.0,1669711,-0.09,0.27,-0.75,2.21,0.13,-1
2017-03-20,11.91,12.17,11.9,12.09,898468,0.18,0.27,1.49,2.23,0.13,1
2017-03-17,12.55,12.6,11.7,11.9,860284,-0.65,0.9,-5.46,7.56,0.45,-1
2017-03-16,12.11,12.27,12.1,12.25,673640,0.14,0.17,1.14,1.39,0.08,1
2017-03-15,11.89,12.11,11.87,12.11,450796,0.22,0.24,1.82,1.98,0.12,1
2017-03-14,11.85,11.96,11.8,11.89,333172,0.04,0.17,0.34,1.39,0.08,1
2017-03-13,11.96,12.0,11.85,11.88,397422,-0.08,0.16,-0.67,1.3,0.08,-1
2017-03-10,11.7,11.99,11.7,11.92,395914,0.22,0.29,1.85,2.43,0.15,1
2017-03-09,11.56,11.68,11.52,11.65,399552,0.09,0.16,0.77,1.37,0.08,1
2017-03-08,11.62,11.63,11.5,11.6,287949,-0.02,0.13,-0.17,1.12,0.07,-1
2017-03-07,11.56,11.68,11.51,11.64,474963,0.08,0.17,0.69,1.46,0.08,1
2017-03-06,11.86,11.86,11.46,11.62,681355,-0.24,0.4,-2.07,3.44,0.2,-1
2017-03-03,11.93,12.06,11.8,11.97,340522,0.04,0.27,0.33,2.21,0.13,1
2017-03-02,12.02,12.09,11.79,11.89,449893,-0.13,0.3,-1.09,2.52,0.15,-1
2017-03-01,11.82,12.15,11.82,12.06,635443,0.24,0.33,1.99,2.74,0.17,1
2017-02-28,11.76,11.93,11.71,11.72,381621,-0.04,0.22,-0.34,1.88,0.11,-1
2017-02-27,11.85,11.9,11.74,11.82,392838,-0.03,0.16,-0.25,1.4,0.08,-1
2017-02-24,11.94,11.96,11.74,11.9,704250,-0.04,0.22,-0.34,1.88,0.11,1
2017-02-23,12.24,12.28,11.84,11.88,1427503,-0.36,0.44,-3.03,3.7,0.22,-1
2017-02-22,12.7,12.7,12.54,12.57,566554,-0.13,0.16,-1.03,1.27,0.08,-1
2017-02-21,12.7,12.9,12.56,12.65,604872,-0.05,0.34,-0.4,2.69,0.17,-1
2017-02-17,12.45,12.75,12.4,12.65,919967,0.2,0.35,1.58,2.77,0.17,1
2017-02-16,12.63,12.74,12.39,12.45,247547,-0.18,0.35,-1.45,2.81,0.17,-1
2017-02-15,12.66,12.79,12.61,12.64,450143,-0.02,0.18,-0.16,1.42,0.09,-1
2017-02-14,12.45,12.71,12.45,12.71,301045,0.26,0.26,2.05,2.05,0.13,1
2017-02-13,12.46,12.59,12.4,12.51,505038,0.05,0.19,0.4,1.52,0.09,1
2017-02-10,12.48,12.56,12.37,12.4,589009,-0.08,0.2,-0.65,1.57,0.1,-1
2017-02-09,12.56,12.69,12.42,12.45,659774,-0.11,0.27,-0.88,2.17,0.13,-1
2017-02-08,12.65,12.73,12.43,12.5,570338,-0.15,0.3,-1.2,2.4,0.15,-1
2017-02-07,12.55,12.79,12.51,12.6,344809,0.05,0.28,0.4,2.22,0.14,-1
2017-02-06,12.57,12.72,12.36,12.67,467805,0.1,0.36,0.79,2.8,0.18,1
2017-02-03,12.05,12.62,11.99,12.56,583522,0.51,0.63,4.06,5.06,0.32,1
2017-02-02,11.97,13.29,11.97,12.02,842835,0.05,1.32,0.42,10.98,0.66,1
2017-02-01,11.56,12.04,11.56,11.89,366108,0.33,0.48,2.78,4.04,0.24,1
2017-01-31,11.49,11.8,11.4,11.57,685800,0.08,0.41,0.69,3.5,0.2,1
2017-01-30,11.61,11.65,11.35,11.39,377366,-0.22,0.3,-1.93,2.63,0.15,-1
2017-01-27,11.76,11.92,11.6,11.68,1542379,-0.08,0.32,-0.68,2.74,0.16,-1
2017-01-26,11.53,11.72,11.52,11.7,1031560,0.17,0.2,1.45,1.71,0.1,1
2017-01-25,11.5,11.6,11.42,11.54,811055,0.04,0.18,0.35,1.56,0.09,1
2017-01-24,11.53,11.54,11.37,11.46,489161,-0.07,0.17,-0.61,1.48,0.08,-1
2017-01-23,11.04,11.59,10.96,11.58,764001,0.54,0.63,4.66,5.44,0.31,1
2017-01-20,11.04,11.14,10.91,11.08,388651,0.04,0.23,0.36,2.08,0.12,1
2017-01-19,11.11,11.18,10.99,11.03,230773,-0.08,0.19,-0.73,1.72,0.09,-1
2017-01-18,11.2,11.28,11.1,11.11,345201,-0.09,0.18,-0.81,1.62,0.09,-1
2017-01-17,10.96,11.31,10.91,11.2,848477,0.24,0.4,2.14,3.57,0.2,1
2017-01-13,10.72,11.03,10.62,10.96,884770,0.24,0.41,2.19,3.74,0.21,1
2017-01-12,10.93,11.02,10.74,10.75,422332,-0.18,0.28,-1.67,2.6,0.14,-1
2017-01-11,10.75,11.06,10.75,10.93,957599,0.18,0.31,1.65,2.84,0.16,1
2017-01-10,10.6,10.88,10.6,10.74,1252167,0.14,0.28,1.3,2.61,0.14,1
2017-01-09,10.59,10.66,10.44,10.61,535441,0.02,0.22,0.19,2.07,0.11,1
2017-01-06,10.74,10.78,10.54,10.6,491994,-0.14,0.24,-1.32,2.31,0.12,-1
2017-01-05,10.85,11.0,10.66,10.79,318309,-0.06,0.34,-0.56,3.14,0.17,-1
2017-01-04,10.95,11.0,10.84,10.92,298367,-0.03,0.16,-0.27,1.47,0.08,-1
2017-01-03,10.37,10.95,10.37,10.95,588649,0.58,0.58,5.3,5.3,0.29,1
2016-12-30,10.34,10.53,10.3,10.38,424039,0.04,0.23,0.39,2.22,0.11,1
2016-12-29,10.17,10.37,10.17,10.29,259512,0.12,0.2,1.17,1.94,0.1,1
2016-12-28,10.2,10.45,10.12,10.17,499130,-0.03,0.33,-0.29,3.24,0.17,-1
2016-12-27,10.12,10.26,10.03,10.23,277765,0.11,0.23,1.08,2.25,0.12,1
2016-12-23,10.14,10.3,10.12,10.14,322538,0.0,0.18,0.0,1.78,0.09,-1
2016-12-22,10.38,10.47,10.15,10.21,479802,-0.17,0.32,-1.67,3.13,0.16,-1
2016-12-21,10.26,10.44,10.19,10.42,318587,0.16,0.26,1.54,2.45,0.13,1
2016-12-20,10.07,10.42,10.01,10.3,380128,0.23,0.42,2.23,4.03,0.21,1
2016-12-19,10.19,10.26,9.98,9.99,451916,-0.2,0.28,-2.0,2.8,0.14,-1
2016-12-16,10.17,10.21,9.94,10.13,277590,-0.04,0.27,-0.39,2.67,0.14,-1
2016-12-15,10.13,10.19,9.96,10.18,230397,0.05,0.23,0.49,2.26,0.11,1
2016-12-14,10.33,10.4,10.09,10.14,470341,-0.19,0.31,-1.87,3.06,0.16,-1
2016-12-13,10.35,10.38,10.18,10.3,324855,-0.05,0.2,-0.49,1.94,0.1,-1
2016-12-12,10.29,10.46,10.29,10.32,205441,0.03,0.17,0.29,1.65,0.09,-1
2016-12-09,10.3,10.46,10.16,10.36,202867,0.06,0.3,0.58,2.9,0.15,1
2016-12-08,10.33,10.46,10.25,10.32,286736,-0.01,0.21,-0.1,2.0,0.1,-1
2016-12-07,10.48,10.5,10.39,10.39,138997,-0.09,0.11,-0.87,1.06,0.05,-1
2016-12-06,10.52,10.63,10.42,10.49,216302,-0.03,0.21,-0.29,2.0,0.11,-1
2016-12-05,10.64,10.78,10.5,10.52,275388,-0.12,0.28,-1.14,2.67,0.14,-1
2016-12-02,10.79,10.91,10.59,10.6,298883,-0.19,0.32,-1.79,3.02,0.16,-1
2016-12-01,10.93,11.0,10.71,10.74,547329,-0.19,0.29,-1.77,2.7,0.14,-1
2016-11-30,11.08,11.12,10.93,10.98,414223,-0.1,0.19,-0.91,1.73,0.09,-1
2016-11-29,11.07,11.18,11.0,11.06,187119,-0.01,0.18,-0.09,1.63,0.09,-1
2016-11-28,11.0,11.18,10.85,11.08,237564,0.08,0.33,0.72,2.98,0.17,-1
2016-11-25,10.9,11.12,10.84,11.08,135962,0.18,0.28,1.62,2.48,0.14,1
2016-11-23,10.8,11.08,10.77,10.94,632724,0.14,0.31,1.28,2.83,0.16,1
2016-11-22,10.8,10.9,10.74,10.84,331207,0.04,0.16,0.37,1.48,0.08,1
2016-11-21,10.63,10.77,10.56,10.76,186694,0.13,0.21,1.21,1.95,0.1,1
2016-11-18,10.78,10.8,10.57,10.61,287553,-0.17,0.23,-1.6,2.17,0.12,-1
2016-11-17,10.69,10.9,10.57,10.72,283379,0.03,0.33,0.28,3.08,0.17,-1
2016-11-16,10.69,10.98,10.62,10.73,384871,0.04,0.36,0.37,3.36,0.18,1
2016-11-15,10.04,10.71,9.98,10.68,591598,0.64,0.73,5.99,6.84,0.37,1
2016-11-14,10.0,10.06,9.73,9.86,435476,-0.14,0.33,-1.42,3.35,0.17,-1
2016-11-11,10.18,10.22,9.86,10.0,542669,-0.18,0.36,-1.8,3.6,0.18,-1
2016-11-10,10.55,10.55,10.14,10.22,523894,-0.33,0.41,-3.23,4.01,0.21,-1
2016-11-09,10.48,10.59,10.28,10.52,299287,0.04,0.31,0.38,2.95,0.16,-1
2016-11-08,10.63,10.69,10.56,10.59,283421,-0.04,0.13,-0.38,1.23,0.06,-1
2016-11-07,10.59,10.66,10.56,10.64,253529,0.05,0.1,0.47,0.94,0.05,1
2016-11-04,10.53,10.58,10.4,10.46,205058,-0.07,0.18,-0.67,1.72,0.09,-1
2016-11-03,10.7,10.73,10.53,10.55,207122,-0.15,0.2,-1.42,1.9,0.1,-1
2016-11-02,10.75,10.89,10.62,10.64,343361,-0.11,0.27,-1.03,2.54,0.14,-1
2016-11-01,10.97,11.06,10.64,10.8,372563,-0.17,0.42,-1.57,3.89,0.21,-1
2016-10-31,11.03,11.08,10.95,11.0,182060,-0.03,0.12,-0.27,1.14,0.06,-1
2016-10-28,11.07,11.12,11.01,11.02,188092,-0.05,0.11,-0.45,1.0,0.05,-1
2016-10-27,11.19,11.19,11.05,11.11,128053,-0.08,0.14,-0.72,1.26,0.07,-1
2016-10-26,11.3,11.35,11.07,11.12,352173,-0.18,0.28,-1.62,2.52,0.14,-1
2016-10-25,11.3,11.44,11.27,11.37,302487,0.07,0.17,0.62,1.5,0.08,1
2016-10-24,11.35,11.41,11.24,11.28,162366,-0.07,0.17,-0.62,1.51,0.08,-1
2016-10-21,11.27,11.42,11.24,11.28,265043,0.01,0.18,0.09,1.6,0.09,-1
2016-10-20,11.35,11.42,11.27,11.3,181505,-0.05,0.15,-0.44,1.33,0.08,-1
2016-10-19,11.42,11.51,11.32,11.41,293284,-0.01,0.19,-0.09,1.67,0.09,-1
2016-10-18,11.46,11.5,11.31,11.41,276938,-0.05,0.19,-0.44,1.67,0.09,1
2016-10-17,11.34,11.53,11.25,11.35,404069,0.01,0.28,0.09,2.47,0.14,-1
2016-10-14,11.27,11.38,11.22,11.36,210273,0.09,0.16,0.79,1.41,0.08,1
2016-10-13,11.23,11.4,11.17,11.29,196167,0.06,0.23,0.53,2.04,0.12,-1
2016-10-12,11.49,11.53,11.29,11.37,345295,-0.12,0.24,-1.06,2.11,0.12,-1
2016-10-11,11.57,11.65,11.38,11.45,320795,-0.12,0.27,-1.05,2.36,0.13,-1
2016-10-10,11.55,11.71,11.51,11.6,454360,0.05,0.2,0.43,1.72,0.1,1
2016-10-07,11.45,11.54,11.35,11.5,233398,0.05,0.19,0.43,1.65,0.09,1
2016-10-06,11.35,11.5,11.28,11.4,482594,0.05,0.22,0.44,1.93,0.11,1
2016-10-05,11.26,11.37,11.14,11.34,431837,0.08,0.23,0.71,2.03,0.11,1
2016-10-04,11.49,11.55,11.3,11.32,562510,-0.17,0.25,-1.5,2.21,0.12,-1
2016-10-03,11.44,11.49,11.37,11.42,694047,-0.02,0.12,-0.18,1.05,0.06,1
2016-09-30,11.28,11.48,11.19,11.41,877330,0.13,0.29,1.14,2.54,0.15,1
2016-09-29,11.13,11.36,11.09,11.19,262515,0.06,0.27,0.54,2.41,0.13,-1
2016-09-28,11.02,11.2,10.93,11.19,357774,0.17,0.27,1.52,2.41,0.13,1
2016-09-27,10.99,11.03,10.9,10.96,430130,-0.03,0.13,-0.27,1.23,0.07,1
2016-09-26,10.97,11.0,10.86,10.88,307261,-0.09,0.14,-0.83,1.29,0.07,-1
2016-09-23,10.98,11.1,10.91,10.97,288871,-0.01,0.19,-0.09,1.73,0.09,-1
2016-09-22,10.96,11.11,10.9,11.03,434893,0.07,0.21,0.63,1.9,0.1,1
2016-09-21,10.93,11.04,10.75,10.85,663798,-0.08,0.29,-0.74,2.67,0.14,-1
2016-09-20,11.12,11.12,10.9,10.95,788445,-0.17,0.22,-1.55,2.01,0.11,-1
2016-09-19,10.89,11.04,10.85,11.04,750791,0.15,0.19,1.36,1.72,0.09,1
2016-09-16,10.62,10.98,10.53,10.76,1487348,0.14,0.45,1.3,4.18,0.23,1
2016-09-15,10.64,10.75,10.54,10.68,578687,0.04,0.21,0.37,1.97,0.11,1
2016-09-14,10.5,10.67,10.49,10.62,506307,0.12,0.18,1.13,1.69,0.09,1
2016-09-13,10.69,10.71,10.34,10.48,642305,-0.21,0.37,-2.0,3.53,0.19,-1
2016-09-12,10.73,10.88,10.59,10.83,431677,0.1,0.29,0.92,2.68,0.15,1
2016-09-09,11.11,11.19,10.69,10.76,811338,-0.35,0.5,-3.25,4.65,0.25,-1
2016-09-08,11.1,11.4,11.01,11.21,1788635,0.11,0.39,0.98,3.48,0.2,1
2016-09-07,10.6,11.1,10.57,11.1,1113547,0.5,0.53,4.5,4.77,0.26,1
2016-09-06,10.37,10.6,10.32,10.6,681685,0.23,0.28,2.17,2.59,0.14,1
2016-09-02,10.23,10.47,10.23,10.37,473090,0.14,0.24,1.35,2.31,0.12,1
2016-09-01,10.04,10.23,9.99,10.23,536142,0.19,0.24,1.86,2.35,0.12,1
2016-08-31,9.87,10.07,9.8,10.05,816145,0.18,0.27,1.79,2.69,0.13,1
2016-08-30,9.75,9.91,9.75,9.87,1192115,0.12,0.16,1.22,1.67,0.08,1
2016-08-29,9.87,9.87,9.38,9.69,545914,-0.18,0.49,-1.86,5.06,0.24,1
2016-08-26,9.51,9.67,9.44,9.5,607129,-0.01,0.23,-0.11,2.42,0.12,-1
2016-08-25,9.67,9.7,9.61,9.63,282843,-0.04,0.09,-0.42,0.93,0.04,-1
2016-08-24,9.79,9.83,9.59,9.65,331316,-0.14,0.24,-1.45,2.49,0.12,-1
2016-08-23,9.85,9.93,9.72,9.77,276700,-0.08,0.21,-0.82,2.15,0.1,-1
2016-08-22,9.7,9.83,9.55,9.77,640253,0.07,0.28,0.72,2.87,0.14,1
2016-08-19,9.74,9.75,9.64,9.73,337532,-0.01,0.11,-0.1,1.13,0.05,-1
2016-08-18,9.8,9.94,9.73,9.75,384337,-0.05,0.21,-0.51,2.15,0.1,-1
2016-08-17,9.93,9.93,9.7,9.79,829335,-0.14,0.23,-1.43,2.35,0.12,-1
2016-08-16,9.97,10.24,9.93,9.96,295609,-0.01,0.31,-0.1,3.11,0.16,-1
2016-08-15,10.15,10.32,10.02,10.05,274397,-0.1,0.3,-1.0,2.99,0.15,-1
2016-08-12,9.74,10.19,9.74,10.14,570009,0.4,0.45,3.94,4.44,0.22,1
2016-08-11,10.07,10.07,9.72,9.98,607808,-0.09,0.35,-0.9,3.51,0.17,-1
2016-08-10,10.17,10.23,10.05,10.09,147756,-0.08,0.18,-0.79,1.78,0.09,-1
2016-08-09,10.26,10.28,10.19,10.19,205466,-0.07,0.09,-0.69,0.83,0.04,-1
2016-08-08,10.35,10.36,10.22,10.24,288947,-0.11,0.14,-1.07,1.37,0.07,-1
2016-08-05,10.38,10.48,10.29,10.36,232635,-0.02,0.19,-0.19,1.83,0.09,1
2016-08-04,10.3,10.42,10.15,10.34,506576,0.04,0.27,0.39,2.61,0.13,1
2016-08-03,10.34,10.39,10.15,10.26,416019,-0.08,0.24,-0.78,2.34,0.12,-1
2016-08-02,10.65,10.78,10.35,10.38,505208,-0.27,0.43,-2.6,4.14,0.21,-1
2016-08-01,10.92,10.94,10.64,10.64,502233,-0.28,0.3,-2.63,2.82,0.15,-1
2016-07-29,10.72,11.08,10.72,10.96,351736,0.24,0.35,2.19,3.24,0.18,1
2016-07-28,10.79,10.81,10.55,10.73,254742,-0.06,0.26,-0.56,2.42,0.13,-1
2016-07-27,10.99,11.01,10.69,10.82,506194,-0.17,0.32,-1.57,2.96,0.16,-1
2016-07-26,11.08,11.11,10.94,10.94,174945,-0.14,0.17,-1.28,1.55,0.08,-1
2016-07-25,11.13,11.26,11.04,11.08,230040,-0.05,0.22,-0.45,1.99,0.11,-1
2016-07-22,11.21,11.22,11.06,11.19,401969,-0.02,0.16,-0.18,1.43,0.08,-1
2016-07-21,10.86,11.32,10.8,11.22,534282,0.36,0.52,3.21,4.63,0.26,1
2016-07-20,10.68,10.89,10.52,10.85,420873,0.17,0.37,1.57,3.41,0.19,1
2016-07-19,10.83,10.9,10.59,10.71,319753,-0.12,0.31,-1.12,2.89,0.16,-1
2016-07-18,11.08,11.08,10.82,10.86,306136,-0.22,0.26,-2.03,2.39,0.13,-1
2016-07-15,10.98,11.08,10.94,11.01,562826,0.03,0.14,0.27,1.27,0.07,1
2016-07-14,10.86,11.04,10.84,10.96,182153,0.1,0.2,0.91,1.82,0.1,1
2016-07-13,10.9,11.07,10.81,10.85,234402,-0.05,0.26,-0.46,2.4,0.13,-1
2016-07-12,10.89,11.09,10.86,10.87,357027,-0.02,0.23,-0.18,2.12,0.12,1
2016-07-11,11.02,11.11,10.63,10.82,554520,-0.2,0.48,-1.85,4.44,0.24,-1
2016-07-08,10.82,11.01,10.79,10.98,335149,0.16,0.22,1.46,2.0,0.11,1
2016-07-07,10.77,10.87,10.66,10.74,305298,-0.03,0.21,-0.28,1.96,0.1,-1
2016-07-06,11.07,11.07,10.73,10.75,308220,-0.32,0.34,-2.98,3.16,0.17,-1
2016-07-05,11.12,11.19,11.01,11.07,328262,-0.05,0.18,-0.45,1.63,0.09,-1
2016-07-01,10.98,11.18,10.93,11.15,292952,0.17,0.25,1.52,2.24,0.12,1
2016-06-30,10.68,10.97,10.56,10.97,737416,0.29,0.41,2.64,3.74,0.21,1
2016-06-29,10.58,10.69,10.49,10.65,552114,0.07,0.2,0.66,1.88,0.1,1
2016-06-28,10.53,10.62,10.42,10.49,376165,-0.04,0.21,-0.38,1.95,0.1,1
2016-06-27,10.73,10.73,10.18,10.43,657376,-0.3,0.55,-2.88,5.27,0.28,-1
2016-06-24,10.98,11.06,10.75,10.76,454406,-0.22,0.31,-2.04,2.88,0.16,-1
2016-06-23,11.27,11.34,11.15,11.3,462274,0.03,0.19,0.27,1.64,0.09,1
2016-06-22,11.19,11.38,11.18,11.18,326696,-0.01,0.21,-0.09,1.83,0.1,-1
2016-06-21,11.3,11.36,11.14,11.22,207955,-0.08,0.22,-0.71,1.96,0.11,-1
2016-06-20,11.33,11.5,11.16,11.29,365267,-0.04,0.34,-0.35,3.01,0.17,1
2016-06-17,11.44,11.44,11.12,11.23,700474,-0.21,0.31,-1.87,2.8,0.16,-1
2016-06-16,11.36,11.74,11.21,11.38,720092,0.02,0.53,0.18,4.66,0.26,1
2016-06-15,11.03,11.41,10.97,11.22,513590,0.19,0.44,1.69,3.92,0.22,1
2016-06-14,11.06,11.1,10.9,10.96,434542,-0.1,0.2,-0.91,1.78,0.1,-1
2016-06-13,11.09,11.15,11.03,11.13,264796,0.04,0.12,0.36,1.08,0.06,-1
2016-06-10,11.29,11.29,11.12,11.18,256957,-0.11,0.16,-0.98,1.48,0.08,-1
2016-06-09,11.5,11.5,11.31,11.42,237545,-0.08,0.19,-0.7,1.66,0.09,-1
2016-06-08,11.54,11.75,11.47,11.53,678824,-0.01,0.28,-0.09,2.43,0.14,-1
2016-06-07,11.38,11.61,11.31,11.56,397149,0.18,0.3,1.56,2.6,0.15,1
2016-06-06,11.46,11.52,11.34,11.4,228205,-0.06,0.18,-0.53,1.58,0.09,-1
2016-06-03,11.64,11.71,11.41,11.49,694818,-0.15,0.3,-1.31,2.61,0.15,-1
2016-06-02,11.3,11.67,11.24,11.64,862124,0.34,0.43,2.92,3.69,0.21,1
2016-06-01,11.36,11.4,11.17,11.32,2341378,-0.04,0.22,-0.35,1.99,0.11,-1
2016-05-31,11.36,11.42,11.13,11.38,1437335,0.02,0.29,0.18,2.55,0.14,1
2016-05-27,10.99,11.11,10.81,11.09,400634,0.1,0.3,0.9,2.71,0.15,1
2016-05-26,11.0,11.04,10.87,11.0,431790,0.0,0.17,0.0,1.55,0.08,1
2016-05-25,10.78,11.1,10.73,10.97,854051,0.19,0.37,1.73,3.37,0.18,1
2016-05-24,10.7,10.97,10.65,10.76,938235,0.06,0.32,0.56,2.97,0.16,1
2016-05-23,10.23,10.72,10.19,10.69,501364,0.46,0.53,4.3,4.96,0.27,1
2016-05-20,10.15,10.42,10.15,10.23,584579,0.08,0.27,0.78,2.64,0.13,1
2016-05-19,10.22,10.29,10.06,10.15,458759,-0.07,0.23,-0.69,2.27,0.11,-1
2016-05-18,10.44,10.44,10.22,10.41,348517,-0.03,0.22,-0.29,2.11,0.11,1
2016-05-17,10.99,10.99,10.34,10.37,259649,-0.62,0.65,-5.98,6.32,0.33,-1
2016-05-16,10.63,10.72,10.5,10.61,394762,-0.02,0.22,-0.19,2.07,0.11,1
2016-05-13,11.09,11.24,10.58,10.59,462507,-0.5,0.66,-4.72,6.28,0.33,-1
2016-05-12,11.1,11.25,11.04,11.09,507753,-0.01,0.21,-0.09,1.89,0.11,-1
2016-05-11,10.76,11.13,10.76,11.1,473605,0.34,0.37,3.06,3.33,0.19,1
2016-05-10,10.66,10.86,10.6,10.81,393964,0.15,0.26,1.39,2.41,0.13,1
2016-05-09,10.61,10.75,10.57,10.6,383488,-0.01,0.18,-0.09,1.7,0.09,-1
2016-05-06,10.47,10.64,10.33,10.61,303713,0.14,0.31,1.32,2.92,0.16,1
2016-05-05,10.33,10.61,10.27,10.5,468770,0.17,0.34,1.62,3.24,0.17,1
2016-05-04,10.28,10.4,10.2,10.32,325832,0.04,0.2,0.39,1.94,0.1,1
2016-05-03,10.43,10.55,10.22,10.27,1102630,-0.16,0.33,-1.56,3.21,0.17,-1
2016-05-02,10.66,10.72,10.27,10.42,792336,-0.24,0.45,-2.3,4.32,0.23,-1
2016-04-29,10.94,10.94,10.6,10.66,540641,-0.28,0.34,-2.63,3.19,0.17,-1
2016-04-28,10.88,11.05,10.85,10.94,767988,0.06,0.2,0.55,1.83,0.1,1
2016-04-27,10.95,11.09,10.87,10.9,558041,-0.05,0.22,-0.46,2.02,0.11,-1
2016-04-26,11.01,11.1,10.86,10.93,2344942,-0.08,0.24,-0.73,2.2,0.12,-1
2016-04-25,11.27,11.3,10.96,11.0,837461,-0.27,0.34,-2.45,3.08,0.17,-1
2016-04-22,11.09,11.3,11.04,11.26,656530,0.17,0.27,1.51,2.35,0.13,1
2016-04-21,11.44,11.45,11.14,11.15,456896,-0.29,0.31,-2.6,2.77,0.15,-1
2016-04-20,11.53,11.65,11.35,11.37,514508,-0.16,0.3,-1.41,2.64,0.15,-1
2016-04-19,11.35,11.7,11.35,11.59,1180732,0.24,0.35,2.07,3.02,0.17,1
2016-04-18,11.18,11.31,11.02,11.28,598894,0.1,0.29,0.89,2.57,0.15,1
2016-04-15,11.2,11.4,11.08,11.23,405721,0.03,0.32,0.27,2.85,0.16,-1
2016-04-14,11.15,11.27,11.01,11.23,604716,0.08,0.26,0.71,2.32,0.13,1
2016-04-13,11.2,11.23,11.06,11.14,894691,-0.06,0.17,-0.54,1.53,0.08,-1
2016-04-12,10.86,11.21,10.84,11.15,673794,0.29,0.37,2.6,3.32,0.19,1
2016-04-11,11.08,11.3,10.9,10.9,422110,-0.18,0.4,-1.65,3.67,0.2,-1
2016-04-08,10.84,11.05,10.8,11.03,549676,0.19,0.25,1.72,2.27,0.13,1
2016-04-07,10.97,11.13,10.78,10.83,654203,-0.14,0.35,-1.29,3.19,0.17,-1
2016-04-06,11.12,11.22,10.97,11.0,559357,-0.12,0.25,-1.09,2.27,0.12,-1
2016-04-05,11.2,11.28,10.9,11.12,991102,-0.08,0.37,-0.72,3.33,0.19,-1
2016-04-04,11.49,11.5,11.21,11.27,486783,-0.22,0.29,-1.95,2.57,0.14,-1
2016-04-01,11.58,11.62,11.33,11.45,257247,-0.13,0.29,-1.14,2.49,0.14,-1
2016-03-31,11.69,11.74,11.51,11.55,696934,-0.14,0.23,-1.21,1.99,0.12,-1
2016-03-30,11.61,11.71,11.47,11.69,844042,0.08,0.24,0.68,2.05,0.12,1
2016-03-29,11.56,11.7,11.55,11.59,886927,0.03,0.15,0.26,1.29,0.07,1
2016-03-28,11.62,11.67,11.51,11.56,420137,-0.06,0.16,-0.52,1.38,0.08,-1
2016-03-24,11.55,11.7,11.53,11.61,946036,0.06,0.17,0.52,1.46,0.08,1
2016-03-23,11.35,11.69,11.3,11.6,1029365,0.25,0.39,2.16,3.36,0.19,1
2016-03-22,11.62,11.69,11.3,11.39,3865953,-0.23,0.39,-2.02,3.42,0.19,-1
2016-03-21,12.36,12.68,12.36,12.57,418762,0.21,0.32,1.67,2.55,0.16,1
2016-03-18,12.85,13.25,12.33,12.42,834348,-0.43,0.92,-3.46,7.41,0.46,-1
2016-03-17,12.96,12.97,12.51,12.86,355884,-0.1,0.46,-0.78,3.58,0.23,1
2016-03-16,12.65,12.88,12.58,12.83,152454,0.18,0.3,1.4,2.34,0.15,1
2016-03-15,12.85,12.89,12.63,12.72,312970,-0.13,0.26,-1.02,2.04,0.13,-1
2016-03-14,13.04,13.09,12.85,12.91,368320,-0.13,0.24,-1.01,1.86,0.12,-1
2016-03-11,12.98,13.27,12.94,13.08,366850,0.1,0.33,0.76,2.52,0.17,1
2016-03-10,12.94,13.06,12.83,12.87,495373,-0.07,0.23,-0.54,1.79,0.12,-1
2016-03-09,13.11,13.11,12.74,12.89,344620,-0.22,0.37,-1.71,2.87,0.18,-1
2016-03-08,13.2,13.2,13.04,13.14,243544,-0.06,0.16,-0.46,1.22,0.08,-1
2016-03-07,12.93,13.22,12.93,13.19,275900,0.26,0.29,1.97,2.2,0.15,1
2016-03-04,13.1,13.24,12.92,13.01,447830,-0.09,0.31,-0.69,2.42,0.16,-1
2016-03-03,13.22,13.3,13.04,13.08,362659,-0.14,0.26,-1.07,1.95,0.13,-1
2016-03-02,13.09,13.3,12.98,13.22,388040,0.13,0.32,0.98,2.38,0.16,1
2016-03-01,13.15,13.15,13.02,13.09,452988,-0.06,0.13,-0.46,0.99,0.07,1
2016-02-29,12.9,13.25,12.9,13.04,433262,0.14,0.35,1.07,2.68,0.17,1
2016-02-26,13.25,13.34,12.86,12.9,425486,-0.35,0.48,-2.71,3.72,0.24,-1
2016-02-25,12.92,13.23,12.79,13.23,255304,0.31,0.44,2.34,3.33,0.22,1
2016-02-24,12.83,12.96,12.46,12.89,450135,0.06,0.5,0.47,3.88,0.25,-1
2016-02-23,13.05,13.12,12.97,12.99,296363,-0.06,0.15,-0.46,1.19,0.08,-1
2016-02-22,12.92,13.42,12.88,13.06,758463,0.14,0.53,1.07,4.1,0.27,1
2016-02-19,13.0,13.05,12.85,12.91,336190,-0.09,0.2,-0.7,1.55,0.1,-1
2016-02-18,12.9,13.05,12.7,13.04,833630,0.14,0.35,1.07,2.68,0.18,1
2016-02-17,12.58,13.08,12.4,12.9,788206,0.32,0.68,2.48,5.26,0.34,1
2016-02-16,12.05,12.34,11.9,12.34,716844,0.29,0.44,2.35,3.57,0.22,1
2016-02-12,11.22,11.99,11.22,11.91,541792,0.69,0.77,5.79,6.47,0.38,1
2016-02-11,11.12,11.21,11.03,11.14,430618,0.02,0.18,0.18,1.62,0.09,-1
2016-02-10,11.58,11.61,11.09,11.21,454801,-0.37,0.52,-3.3,4.64,0.26,-1
2016-02-09,11.39,11.79,11.35,11.55,228640,0.16,0.44,1.39,3.81,0.22,1
2016-02-08,11.55,11.6,11.38,11.51,176432,-0.04,0.22,-0.35,1.91,0.11,-1
2016-02-05,11.61,11.82,11.55,11.65,257751,0.04,0.27,0.34,2.32,0.13,1
2016-02-04,11.34,11.7,11.22,11.63,314320,0.29,0.48,2.49,4.13,0.24,1
2016-02-03,11.87,11.91,11.27,11.32,217258,-0.55,0.64,-4.86,5.65,0.32,-1
2016-02-02,11.89,11.94,11.69,11.82,329271,-0.07,0.25,-0.59,2.12,0.12,-1
2016-02-01,11.87,12.0,11.72,11.97,143215,0.1,0.28,0.84,2.34,0.14,1
2016-01-29,11.7,11.94,11.67,11.92,364236,0.22,0.27,1.85,2.27,0.13,1
2016-01-28,11.64,11.8,11.52,11.69,289776,0.05,0.28,0.43,2.4,0.14,1
2016-01-27,11.6,11.86,11.49,11.56,390907,-0.04,0.37,-0.35,3.2,0.18,-1
2016-01-26,11.56,11.83,11.5,11.64,276105,0.08,0.33,0.69,2.84,0.17,1
2016-01-25,11.55,11.71,11.45,11.54,204778,-0.01,0.26,-0.09,2.25,0.13,-1
2016-01-22,11.23,11.57,11.23,11.56,328184,0.33,0.34,2.85,2.94,0.17,1
2016-01-21,11.04,11.2,10.93,11.12,162721,0.08,0.27,0.72,2.43,0.13,1
2016-01-20,10.98,11.09,10.62,11.03,227352,0.05,0.46,0.45,4.22,0.23,-1
2016-01-19,11.39,11.44,10.93,11.09,215299,-0.3,0.51,-2.71,4.6,0.25,-1
2016-01-15,11.57,11.66,11.1,11.35,307956,-0.22,0.56,-1.94,4.93,0.28,-1
2016-01-14,12.06,12.1,11.78,11.8,278398,-0.26,0.32,-2.2,2.71,0.16,-1
2016-01-13,11.85,12.28,11.85,12.0,489999,0.15,0.43,1.25,3.58,0.21,1
2016-01-12,11.69,11.87,11.69,11.85,270194,0.16,0.18,1.35,1.52,0.09,1
2016-01-11,11.7,11.84,11.46,11.61,465892,-0.09,0.38,-0.78,3.27,0.19,-1
2016-01-08,11.68,11.81,11.56,11.7,364479,0.02,0.25,0.17,2.14,0.12,1
2016-01-07,11.6,11.66,11.4,11.59,561556,-0.01,0.26,-0.09,2.2,0.13,-1
2016-01-06,11.73,11.91,11.57,11.75,703231,0.02,0.34,0.17,2.89,0.17,-1
2016-01-05,11.9,12.03,11.81,11.84,395500,-0.06,0.22,-0.51,1.86,0.11,-1
2016-01-04,12.19,12.23,11.85,11.91,228400,-0.28,0.38,-2.35,3.19,0.19,-1
2015-12-31,12.15,12.51,12.01,12.29,281658,0.14,0.5,1.14,4.07,0.25,1
2015-12-30,12.43,12.46,12.15,12.17,292191,-0.26,0.31,-2.14,2.59,0.16,-1
2015-12-29,12.3,12.55,12.29,12.45,366310,0.15,0.26,1.2,2.09,0.13,1
2015-12-28,12.0,12.4,11.93,12.28,369988,0.28,0.47,2.28,3.83,0.24,1
2015-12-24,11.92,12.13,11.9,12.03,178694,0.11,0.23,0.91,1.91,0.12,1
2015-12-23,12.04,12.07,11.87,11.94,410999,-0.1,0.2,-0.84,1.68,0.1,-1
2015-12-22,11.92,12.03,11.77,11.99,435683,0.07,0.26,0.58,2.17,0.13,1
2015-12-21,12.2,12.26,11.88,11.96,203111,-0.24,0.38,-2.01,3.15,0.19,-1
2015-12-18,12.27,12.29,11.81,12.08,616645,-0.19,0.48,-1.57,3.97,0.24,-1
2015-12-17,12.1,12.55,12.1,12.31,659766,0.21,0.45,1.71,3.66,0.23,1
2015-12-16,11.71,12.25,11.63,12.09,1082913,0.38,0.62,3.14,5.13,0.31,1
2015-12-15,11.39,11.72,11.22,11.67,2213947,0.28,0.5,2.4,4.28,0.25,1
2015-12-14,10.64,11.34,10.57,10.84,756544,0.2,0.77,1.85,7.1,0.38,1
2015-12-11,10.6,11.18,10.56,10.65,935365,0.05,0.62,0.47,5.82,0.31,-1
2015-12-10,10.5,10.83,10.4,10.68,280407,0.18,0.43,1.69,3.99,0.21,1
2015-12-09,10.55,10.8,10.49,10.58,449780,0.03,0.3,0.28,2.88,0.15,-1
2015-12-08,10.78,10.85,10.49,10.59,248509,-0.19,0.36,-1.79,3.4,0.18,-1
2015-12-07,10.97,10.99,10.79,10.88,270917,-0.09,0.2,-0.83,1.84,0.1,-1
2015-12-04,10.8,10.99,10.78,10.96,161095,0.16,0.21,1.46,1.92,0.11,1
2015-12-03,10.92,11.01,10.7,10.8,183397,-0.12,0.31,-1.11,2.87,0.16,-1
2015-12-02,10.94,11.02,10.72,10.91,267516,-0.03,0.3,-0.27,2.75,0.15,-1
2015-12-01,11.28,11.28,10.84,10.98,308701,-0.3,0.44,-2.73,4.01,0.22,-1
2015-11-30,10.99,11.28,10.92,11.25,1085890,0.26,0.35,2.31,3.16,0.18,1
2015-11-27,10.9,11.1,10.84,10.94,225183,0.04,0.26,0.37,2.38,0.13,1
2015-11-25,10.95,11.05,10.74,10.91,357507,-0.04,0.31,-0.37,2.84,0.16,-1
2015-11-24,10.93,11.07,10.86,10.93,554452,0.0,0.21,0.0,1.92,0.11,-1
2015-11-23,11.28,11.3,10.9,10.95,2116606,-0.33,0.4,-3.01,3.65,0.2,1
2015-11-20,11.14,11.24,10.66,10.9,1094992,-0.24,0.59,-2.2,5.37,0.29,-1
2015-11-19,11.27,11.42,11.06,11.06,392709,-0.21,0.36,-1.9,3.25,0.18,-1
2015-11-18,11.35,11.44,11.06,11.23,514861,-0.12,0.38,-1.07,3.38,0.19,-1
2015-11-17,11.26,11.35,11.14,11.3,412425,0.04,0.21,0.35,1.86,0.1,1
2015-11-16,10.81,11.38,10.81,11.23,558166,0.42,0.57,3.74,5.05,0.28,1
2015-11-13,10.53,11.28,10.25,10.87,527553,0.34,1.03,3.13,9.48,0.51,-1
2015-11-12,10.73,11.28,10.69,11.24,442987,0.51,0.59,4.54,5.25,0.29,1
2015-11-11,10.73,10.97,10.72,10.83,138751,0.1,0.25,0.92,2.31,0.12,1
2015-11-10,10.81,10.86,10.64,10.77,163330,-0.04,0.22,-0.37,2.03,0.11,-1
2015-11-09,10.99,11.09,10.81,10.87,170370,-0.12,0.28,-1.1,2.58,0.14,-1
2015-11-06,10.67,10.99,10.46,10.99,305393,0.32,0.53,2.91,4.82,0.26,1
2015-11-05,10.92,10.99,10.7,10.75,432597,-0.17,0.29,-1.58,2.7,0.15,-1
2015-11-04,10.6,11.23,10.59,10.92,619453,0.32,0.64,2.93,5.86,0.32,1
2015-11-03,10.75,10.8,10.3,10.6,426968,-0.15,0.5,-1.42,4.72,0.25,-1
2015-11-02,10.58,10.95,10.57,10.78,432533,0.2,0.38,1.86,3.53,0.19,1
2015-10-30,10.5,10.97,10.48,10.59,898969,0.09,0.49,0.85,4.58,0.24,1
2015-10-29,10.13,10.91,9.87,10.58,819272,0.45,1.04,4.25,9.83,0.52,1
2015-10-28,9.63,10.17,9.53,10.1,455844,0.47,0.64,4.65,6.34,0.32,1
2015-10-27,9.71,9.81,9.44,9.7,764487,-0.01,0.37,-0.1,3.81,0.19,-1
2015-10-26,9.42,10.39,9.42,9.87,1132333,0.45,0.97,4.56,9.83,0.49,1
2015-10-23,9.01,9.21,8.94,9.21,384589,0.2,0.27,2.17,2.93,0.14,1
2015-10-22,8.92,9.1,8.82,9.0,167789,0.08,0.28,0.89,3.11,0.14,1
2015-10-21,9.01,9.05,8.8,8.84,98002,-0.17,0.25,-1.92,2.83,0.12,-1
2015-10-20,9.01,9.13,8.93,9.01,107243,0.0,0.2,0.0,2.22,0.1,-1
2015-10-19,9.21,9.23,8.92,9.01,110573,-0.2,0.31,-2.22,3.44,0.16,-1
2015-10-16,9.18,9.24,9.0,9.22,401149,0.04,0.24,0.43,2.6,0.12,1
2015-10-15,8.91,9.13,8.89,9.08,149472,0.17,0.24,1.87,2.64,0.12,1
2015-10-14,8.99,9.02,8.87,8.9,113877,-0.09,0.15,-1.01,1.69,0.08,-1
2015-10-13,9.18,9.23,8.97,8.97,73755,-0.21,0.26,-2.34,2.9,0.13,-1
2015-10-12,9.13,9.32,9.11,9.16,69698,0.03,0.21,0.33,2.29,0.11,1
2015-10-09,9.2,9.47,9.14,9.14,154130,-0.06,0.33,-0.66,3.61,0.17,-1
2015-10-08,9.12,9.19,9.1,9.18,98666,0.06,0.09,0.65,0.98,0.04,1
2015-10-07,8.75,9.22,8.75,9.11,244119,0.36,0.47,3.95,5.16,0.24,1
2015-10-06,8.64,8.91,8.56,8.73,221404,0.09,0.35,1.03,4.01,0.17,1
2015-10-05,8.46,8.85,8.35,8.72,145598,0.26,0.5,2.98,5.73,0.25,1
2015-10-02,8.06,8.42,7.95,8.39,329226,0.33,0.47,3.93,5.6,0.23,1
2015-10-01,7.92,8.2,7.92,8.11,452556,0.19,0.28,2.34,3.45,0.14,1
2015-09-30,8.0,8.07,7.92,7.96,146783,-0.04,0.15,-0.5,1.88,0.08,1
2015-09-29,8.03,8.13,7.89,7.95,152057,-0.08,0.24,-1.01,3.02,0.12,-1
2015-09-28,8.24,8.32,7.99,8.03,116711,-0.21,0.33,-2.62,4.11,0.17,-1
2015-09-25,8.29,8.39,8.12,8.12,153240,-0.17,0.27,-2.09,3.33,0.14,-1
2015-09-24,8.18,8.32,8.07,8.24,151749,0.06,0.25,0.73,3.03,0.12,1
2015-09-23,8.28,8.33,8.11,8.23,155150,-0.05,0.22,-0.61,2.67,0.11,-1
2015-09-22,8.33,8.36,8.22,8.24,62016,-0.09,0.14,-1.09,1.7,0.07,-1
2015-09-21,8.61,8.66,8.38,8.41,78026,-0.2,0.28,-2.38,3.33,0.14,-1
2015-09-18,8.62,8.69,8.52,8.57,380233,-0.05,0.17,-0.58,1.98,0.08,-1
2015-09-17,8.64,8.8,8.6,8.68,369384,0.04,0.2,0.46,2.3,0.1,1
2015-09-16,8.5,8.79,8.43,8.67,318858,0.17,0.36,1.96,4.15,0.18,1
2015-09-15,8.44,8.54,8.26,8.42,98275,-0.02,0.28,-0.24,3.33,0.14,-1
2015-09-14,8.2,8.49,8.2,8.47,115758,0.27,0.29,3.19,3.42,0.15,1
2015-09-11,8.13,8.25,8.04,8.08,119526,-0.05,0.21,-0.62,2.6,0.1,-1
2015-09-10,8.23,8.3,8.1,8.14,59659,-0.09,0.2,-1.11,2.46,0.1,-1
2015-09-09,8.21,8.48,8.14,8.25,114046,0.04,0.33,0.48,4.06,0.17,1
2015-09-08,8.2,8.32,8.05,8.16,188758,-0.04,0.27,-0.49,3.31,0.13,1
2015-09-04,7.97,8.12,7.96,8.1,69344,0.13,0.16,1.6,1.98,0.08,1
2015-09-03,7.78,8.2,7.73,8.06,263146,0.28,0.47,3.47,5.83,0.23,1
2015-09-02,7.93,8.0,7.67,7.77,139111,-0.16,0.33,-2.06,4.25,0.17,-1
2015-09-01,7.91,8.0,7.86,7.87,92434,-0.04,0.14,-0.51,1.78,0.07,-1
2015-08-31,8.09,8.17,7.97,7.97,63058,-0.12,0.2,-1.51,2.51,0.1,-1
2015-08-28,8.05,8.2,8.01,8.12,50710,0.07,0.19,0.86,2.34,0.09,1
2015-08-27,7.74,8.14,7.64,8.04,190568,0.3,0.5,3.73,6.22,0.25,1
2015-08-26,7.59,7.74,7.45,7.59,165765,0.0,0.29,0.0,3.82,0.15,-1
2015-08-25,7.75,7.95,7.62,7.62,113924,-0.13,0.33,-1.71,4.33,0.17,-1
2015-08-24,7.73,7.91,6.71,7.64,222502,-0.09,1.2,-1.18,15.71,0.6,-1
2015-08-21,8.08,8.16,7.94,8.06,173327,-0.02,0.22,-0.25,2.73,0.11,-1
2015-08-20,8.16,8.21,8.03,8.14,99651,-0.02,0.18,-0.25,2.21,0.09,-1
2015-08-19,8.21,8.29,8.03,8.15,218928,-0.06,0.26,-0.74,3.19,0.13,-1
2015-08-18,8.23,8.37,8.14,8.23,103445,0.0,0.23,0.0,2.79,0.11,-1
2015-08-17,8.33,8.41,8.17,8.33,92342,0.0,0.24,0.0,2.88,0.12,-1
2015-08-14,8.2,8.55,8.07,8.35,235589,0.15,0.48,1.8,5.75,0.24,-1
2015-08-13,8.47,8.56,8.36,8.41,86220,-0.06,0.2,-0.71,2.38,0.1,-1
2015-08-12,8.49,8.53,8.38,8.48,71052,-0.01,0.15,-0.12,1.77,0.07,-1
2015-08-11,8.58,8.63,8.52,8.54,116070,-0.04,0.11,-0.47,1.29,0.06,-1
2015-08-10,8.47,8.65,8.43,8.62,74707,0.15,0.22,1.74,2.55,0.11,1
2015-08-07,8.6,8.62,8.42,8.43,151350,-0.17,0.2,-2.02,2.37,0.1,-1
2015-08-06,8.56,8.63,8.38,8.61,84047,0.05,0.25,0.58,2.9,0.12,1
2015-08-05,8.69,8.77,8.5,8.6,151198,-0.09,0.27,-1.05,3.14,0.13,-1
2015-08-04,8.63,8.71,8.52,8.66,56283,0.03,0.19,0.35,2.19,0.1,1
2015-08-03,8.66,8.7,8.5,8.62,81593,-0.04,0.2,-0.46,2.32,0.1,-1
2015-07-31,8.73,9.0,8.62,8.65,130125,-0.08,0.38,-0.92,4.39,0.19,-1
2015-07-30,8.85,8.88,8.76,8.77,18533,-0.08,0.12,-0.91,1.37,0.06,-1
2015-07-29,8.64,8.98,8.64,8.91,39943,0.27,0.34,3.03,3.82,0.17,1
2015-07-28,8.64,8.69,8.57,8.63,784267,-0.01,0.12,-0.12,1.39,0.06,1
2015-07-27,8.73,8.86,8.58,8.62,122683,-0.11,0.28,-1.28,3.25,0.14,-1
2015-07-24,8.74,8.79,8.62,8.77,120606,0.03,0.17,0.34,1.94,0.08,1
2015-07-23,8.78,8.85,8.66,8.76,82585,-0.02,0.19,-0.23,2.17,0.09,-1
2015-07-22,8.95,9.1,8.77,8.82,117536,-0.13,0.33,-1.47,3.74,0.17,-1
2015-07-21,9.06,9.22,8.84,9.03,204938,-0.03,0.38,-0.33,4.21,0.19,-1
2015-07-20,9.26,9.3,9.09,9.13,91082,-0.13,0.21,-1.42,2.26,0.1,-1
2015-07-17,9.37,9.37,9.2,9.25,439347,-0.12,0.17,-1.3,1.84,0.08,-1
2015-07-16,9.39,9.47,9.21,9.35,158135,-0.04,0.26,-0.43,2.78,0.13,-1
2015-07-15,9.38,9.5,9.31,9.4,307467,0.02,0.19,0.21,2.02,0.09,1
2015-07-14,9.3,9.48,9.27,9.38,213637,0.08,0.21,0.85,2.24,0.11,1
2015-07-13,9.36,9.44,9.29,9.35,70727,-0.01,0.15,-0.11,1.6,0.08,1
2015-07-10,9.32,9.46,9.19,9.3,139288,-0.02,0.27,-0.22,2.9,0.14,1
2015-07-09,9.23,9.39,9.13,9.26,163512,0.03,0.26,0.32,2.81,0.13,1
2015-07-08,9.39,9.44,9.02,9.17,117519,-0.22,0.42,-2.4,4.58,0.21,-1
2015-07-07,9.48,9.6,9.3,9.45,243337,-0.03,0.3,-0.32,3.17,0.15,-1
2015-07-06,9.18,9.53,9.08,9.46,334851,0.28,0.45,2.96,4.76,0.22,1
2015-07-02,9.26,9.26,9.08,9.23,145789,-0.03,0.18,-0.33,1.95,0.09,1
2015-07-01,9.25,9.34,9.18,9.2,53680,-0.05,0.16,-0.54,1.74,0.08,-1
2015-06-30,9.33,9.35,9.17,9.22,124290,-0.11,0.18,-1.19,1.95,0.09,-1
2015-06-29,9.45,9.49,9.22,9.3,127421,-0.15,0.27,-1.61,2.9,0.13,-1
2015-06-26,9.49,9.53,9.36,9.5,628143,0.01,0.17,0.11,1.79,0.08,-1
2015-06-25,9.38,9.56,9.21,9.5,246897,0.12,0.35,1.26,3.68,0.17,1
2015-06-24,9.61,9.61,9.32,9.34,76829,-0.27,0.29,-2.89,3.1,0.14,-1
2015-06-23,9.73,9.77,9.53,9.6,135793,-0.13,0.24,-1.35,2.5,0.12,-1
2015-06-22,9.4,9.73,9.29,9.7,394748,0.3,0.44,3.09,4.54,0.22,1
2015-06-19,9.19,9.4,8.99,9.4,432222,0.21,0.41,2.23,4.36,0.21,1
2015-06-18,9.23,9.31,9.1,9.17,70822,-0.06,0.21,-0.65,2.29,0.11,-1
2015-06-17,9.62,9.62,9.0,9.2,742413,-0.42,0.62,-4.57,6.74,0.31,-1
2015-06-16,9.68,9.78,9.59,9.63,117948,-0.05,0.19,-0.52,1.97,0.09,-1
2015-06-15,9.73,9.78,9.6,9.67,79077,-0.06,0.18,-0.62,1.81,0.09,-1
2015-06-12,9.76,9.82,9.62,9.79,120782,0.03,0.2,0.31,2.04,0.1,1
2015-06-11,9.9,9.96,9.76,9.77,62306,-0.13,0.2,-1.33,2.05,0.1,-1
2015-06-10,9.98,10.09,9.73,9.89,327782,-0.09,0.36,-0.91,3.64,0.18,-1
2015-06-09,10.0,10.0,9.9,9.98,88899,-0.02,0.1,-0.2,1.0,0.05,-1
2015-06-08,10.07,10.14,9.87,10.03,150814,-0.04,0.27,-0.4,2.69,0.14,-1
2015-06-05,10.02,10.18,9.95,10.05,114431,0.03,0.23,0.3,2.29,0.12,1
2015-06-04,9.98,10.27,9.94,10.03,421526,0.05,0.33,0.5,3.29,0.17,-1
2015-06-03,9.93,10.1,9.89,10.04,225410,0.11,0.21,1.1,2.09,0.1,1
2015-06-02,9.55,9.95,9.54,9.9,672514,0.35,0.41,3.54,4.14,0.21,1
2015-06-01,9.68,9.68,9.54,9.55,422194,-0.13,0.14,-1.36,1.47,0.07,-1
2015-05-29,9.67,9.76,9.59,9.66,164248,-0.01,0.17,-0.1,1.76,0.08,-1
2015-05-28,9.79,9.79,9.67,9.7,150284,-0.09,0.12,-0.93,1.24,0.06,-1
2015-05-27,9.89,9.89,9.75,9.81,239494,-0.08,0.14,-0.82,1.43,0.07,-1
2015-05-26,9.99,10.09,9.85,9.88,200125,-0.11,0.24,-1.11,2.43,0.12,-1
2015-05-22,10.02,10.21,9.88,10.04,215693,0.02,0.33,0.2,3.29,0.17,-1
2015-05-21,10.19,10.23,10.03,10.06,293442,-0.13,0.2,-1.29,1.99,0.1,-1
2015-05-20,10.29,10.29,9.96,10.2,207402,-0.09,0.33,-0.88,3.24,0.16,-1
2015-05-19,10.45,10.5,10.0,10.3,223385,-0.15,0.5,-1.46,4.85,0.25,-1
2015-05-18,10.41,10.5,10.26,10.4,231518,-0.01,0.24,-0.1,2.31,0.12,-1
2015-05-15,10.5,10.78,10.34,10.48,105412,-0.02,0.44,-0.19,4.18,0.22,1
2015-05-14,10.21,10.42,10.21,10.41,208751,0.2,0.21,1.92,2.02,0.1,1
2015-05-13,10.22,10.38,10.15,10.18,103010,-0.04,0.23,-0.39,2.26,0.12,1
2015-05-12,9.71,10.18,9.6,10.17,399464,0.46,0.58,4.52,5.7,0.29,1
2015-05-11,9.77,9.87,9.68,9.74,124461,-0.03,0.18,-0.31,1.9,0.09,-1
2015-05-08,9.8,9.94,9.76,9.8,51145,0.0,0.18,0.0,1.84,0.09,1
2015-05-07,9.74,9.84,9.59,9.75,95897,0.01,0.25,0.1,2.56,0.12,-1
2015-05-06,9.88,9.95,9.75,9.77,90455,-0.11,0.2,-1.13,2.05,0.1,-1
2015-05-05,10.17,10.19,9.91,9.92,157697,-0.25,0.28,-2.52,2.82,0.14,-1
2015-05-04,9.85,10.29,9.85,10.16,167594,0.31,0.44,3.05,4.33,0.22,1
2015-05-01,9.73,9.93,9.69,9.85,175288,0.12,0.24,1.22,2.44,0.12,1
2015-04-30,10.06,10.15,9.64,9.71,338811,-0.35,0.51,-3.6,5.25,0.25,-1
2015-04-29,10.2,10.2,10.06,10.11,114557,-0.09,0.14,-0.89,1.38,0.07,-1
2015-04-28,10.26,10.3,10.14,10.2,128372,-0.06,0.16,-0.59,1.57,0.08,-1
2015-04-27,10.17,10.38,10.13,10.3,151298,0.13,0.25,1.26,2.43,0.12,1
2015-04-24,10.21,10.36,10.13,10.17,128005,-0.04,0.23,-0.39,2.26,0.11,-1
2015-04-23,10.22,10.37,10.05,10.2,154752,-0.02,0.32,-0.2,3.14,0.16,-1
2015-04-22,10.18,10.3,10.0,10.21,76900,0.03,0.3,0.29,2.94,0.15,1
2015-04-21,10.1,10.25,10.05,10.15,217759,0.05,0.2,0.49,1.97,0.1,1
2015-04-20,10.17,10.17,10.03,10.06,99420,-0.11,0.14,-1.09,1.39,0.07,-1
2015-04-17,10.04,10.16,9.97,10.14,389593,0.1,0.19,0.99,1.87,0.09,1
2015-04-16,10.18,10.24,10.05,10.09,126461,-0.09,0.19,-0.89,1.88,0.09,-1
2015-04-15,10.33,10.38,10.07,10.1,168906,-0.23,0.31,-2.28,3.07,0.16,-1
2015-04-14,10.28,10.38,10.25,10.29,267157,0.01,0.13,0.1,1.26,0.07,-1
2015-04-13,10.29,10.35,10.24,10.3,134959,0.01,0.11,0.1,1.07,0.05,-1
2015-04-10,10.23,10.37,10.22,10.35,191593,0.12,0.15,1.16,1.45,0.07,1
2015-04-09,10.24,10.26,10.12,10.2,521901,-0.04,0.14,-0.39,1.37,0.07,-1
2015-04-08,10.31,10.39,10.14,10.24,244297,-0.07,0.25,-0.68,2.44,0.12,-1
2015-04-07,10.5,10.5,10.21,10.28,311325,-0.22,0.29,-2.14,2.82,0.14,-1
2015-04-06,10.31,10.65,10.26,10.57,218002,0.26,0.39,2.46,3.74,0.2,1
2015-04-02,10.11,10.66,10.05,10.31,804455,0.2,0.61,1.94,5.92,0.3,1
2015-04-01,10.2,10.29,10.13,10.16,222943,-0.04,0.16,-0.39,1.57,0.08,-1
2015-03-31,10.03,10.35,10.0,10.22,228059,0.19,0.35,1.86,3.42,0.17,1
2015-03-30,10.07,10.28,9.96,10.18,593971,0.11,0.32,1.08,3.14,0.16,1
2015-03-27,10.31,10.45,10.04,10.08,477009,-0.23,0.41,-2.28,4.12,0.21,-1
2015-03-26,10.55,10.55,10.2,10.29,341755,-0.26,0.35,-2.53,3.4,0.18,-1
2015-03-25,10.83,10.93,10.55,10.56,307565,-0.27,0.38,-2.56,3.62,0.19,-1
2015-03-24,11.08,11.18,10.6,10.79,376634,-0.29,0.58,-2.69,5.38,0.29,-1
2015-03-23,10.62,11.42,10.62,11.1,451758,0.48,0.8,4.32,7.21,0.4,1
2015-03-20,10.04,10.82,9.97,10.64,1227012,0.6,0.85,5.64,7.99,0.42,1
2015-03-19,9.85,10.05,9.79,10.02,452021,0.17,0.26,1.7,2.59,0.13,1
2015-03-18,9.71,9.83,9.64,9.82,299542,0.11,0.2,1.12,1.99,0.1,1
2015-03-17,9.64,9.84,9.63,9.79,509390,0.15,0.21,1.53,2.15,0.1,1
2015-03-16,9.7,9.8,9.58,9.72,453685,0.02,0.22,0.21,2.25,0.11,-1
2015-03-13,9.82,9.83,9.63,9.73,207383,-0.09,0.2,-0.92,2.06,0.1,-1
2015-03-12,9.96,9.98,9.66,9.8,522047,-0.16,0.32,-1.63,3.27,0.16,-1
2015-03-11,9.34,9.98,9.21,9.88,441276,0.54,0.77,5.47,7.79,0.38,1
2015-03-10,9.46,9.49,9.12,9.3,227501,-0.16,0.37,-1.72,3.98,0.19,-1
2015-03-09,9.34,9.97,9.3,9.58,508333,0.24,0.67,2.51,6.99,0.34,1
2015-03-06,9.37,9.5,9.22,9.34,224413,-0.03,0.28,-0.32,3.0,0.14,-1
2015-03-05,8.77,9.38,8.77,9.35,533218,0.58,0.61,6.2,6.52,0.31,1
2015-03-04,8.71,8.8,8.56,8.78,363943,0.07,0.24,0.8,2.71,0.12,1
2015-03-03,8.83,8.87,8.68,8.73,138674,-0.1,0.19,-1.15,2.18,0.09,-1
2015-03-02,8.94,9.0,8.83,8.86,152359,-0.08,0.17,-0.9,1.92,0.08,1
2015-02-27,8.83,9.07,8.78,8.85,206245,0.02,0.29,0.23,3.28,0.15,-1
2015-02-26,8.5,8.96,8.45,8.92,214542,0.42,0.51,4.71,5.72,0.26,1
2015-02-25,8.29,8.61,8.29,8.44,700090,0.15,0.32,1.78,3.79,0.16,1
2015-02-24,8.22,8.42,8.21,8.3,909878,0.08,0.21,0.96,2.53,0.1,1
2015-02-23,8.02,8.23,8.01,8.21,309927,0.19,0.22,2.31,2.72,0.11,1
2015-02-20,8.0,8.1,8.0,8.05,159321,0.05,0.1,0.62,1.24,0.05,-1
2015-02-19,8.03,8.09,8.03,8.06,208556,0.03,0.06,0.37,0.74,0.03,1
2015-02-18,8.05,8.1,7.93,8.04,108048,-0.01,0.17,-0.12,2.11,0.08,-1
2015-02-17,8.05,8.09,7.97,8.07,146894,0.02,0.12,0.25,1.49,0.06,1
2015-02-13,7.98,8.07,7.97,8.03,118655,0.05,0.1,0.62,1.25,0.05,-1
2015-02-12,8.04,8.11,7.99,8.04,185411,0.0,0.12,0.0,1.49,0.06,-1
2015-02-11,8.03,8.08,8.01,8.05,67802,0.02,0.07,0.25,0.87,0.04,-1
2015-02-10,8.14,8.15,8.02,8.08,120346,-0.06,0.13,-0.74,1.61,0.07,-1
2015-02-09,8.06,8.18,8.06,8.1,224504,0.04,0.12,0.49,1.54,0.06,-1
2015-02-06,8.1,8.18,8.01,8.1,389283,0.0,0.17,0.0,2.1,0.08,1
2015-02-05,8.05,8.11,7.93,8.09,223192,0.04,0.18,0.49,2.22,0.09,1
2015-02-04,8.01,8.12,7.94,8.0,212191,-0.01,0.18,-0.12,2.25,0.09,-1
2015-02-03,8.0,8.22,7.94,8.01,1254127,0.01,0.28,0.12,3.5,0.14,1
2015-02-02,7.8,7.96,7.73,7.95,293668,0.15,0.23,1.89,2.89,0.11,1
2015-01-30,7.81,7.87,7.64,7.76,164279,-0.05,0.23,-0.64,2.96,0.12,-1
2015-01-29,7.85,7.94,7.63,7.9,96996,0.05,0.31,0.63,3.92,0.16,1
2015-01-28,8.0,8.05,7.81,7.87,131962,-0.13,0.24,-1.65,3.05,0.12,-1
2015-01-27,7.69,8.04,7.69,8.0,67532,0.31,0.35,3.87,4.37,0.17,1
2015-01-26,7.84,7.91,7.72,7.75,72420,-0.09,0.19,-1.16,2.45,0.1,-1
2015-01-23,7.92,7.97,7.78,7.87,67759,-0.05,0.19,-0.64,2.41,0.09,-1
2015-01-22,7.85,8.01,7.81,7.97,253039,0.12,0.2,1.51,2.51,0.1,1
2015-01-21,7.89,7.99,7.78,7.84,116370,-0.05,0.21,-0.64,2.68,0.1,-1
2015-01-20,7.95,8.04,7.84,7.92,90555,-0.03,0.2,-0.38,2.53,0.1,-1
2015-01-16,7.93,8.04,7.84,7.94,220166,0.01,0.2,0.13,2.52,0.1,1
2015-01-15,8.03,8.03,7.85,7.89,216587,-0.14,0.18,-1.77,2.28,0.09,-1
2015-01-14,7.99,8.04,7.84,8.03,73837,0.04,0.2,0.5,2.43,0.1,1
2015-01-13,8.25,8.26,7.82,7.94,388771,-0.31,0.44,-3.9,5.54,0.22,-1
2015-01-12,8.25,8.29,8.08,8.25,269448,0.0,0.21,0.0,2.55,0.1,-1
2015-01-09,8.14,8.3,8.14,8.28,78142,0.14,0.16,1.69,1.93,0.08,1
2015-01-08,8.06,8.21,8.06,8.15,84797,0.09,0.15,1.1,1.84,0.08,1
2015-01-07,7.91,8.06,7.89,8.01,253019,0.1,0.17,1.25,2.12,0.09,1
2015-01-06,7.94,8.02,7.81,7.91,152823,-0.03,0.21,-0.38,2.65,0.1,1
2015-01-05,7.95,8.09,7.86,7.9,132393,-0.05,0.23,-0.63,2.91,0.11,-1
2015-01-02,7.96,8.07,7.95,7.98,124387,0.02,0.12,0.25,1.5,0.06,-1
2014-12-31,7.85,8.06,7.75,8.01,176605,0.16,0.31,2.0,3.87,0.16,1
2014-12-30,7.9,7.97,7.8,7.89,60092,-0.01,0.17,-0.13,2.15,0.08,1
2014-12-29,7.84,7.99,7.76,7.88,119019,0.04,0.23,0.51,2.92,0.12,-1
2014-12-26,7.89,7.94,7.85,7.9,22201,0.01,0.09,0.13,1.14,0.05,-1
2014-12-24,7.83,7.96,7.77,7.9,59259,0.07,0.19,0.89,2.41,0.1,-1
2014-12-23,7.96,8.1,7.87,7.9,76305,-0.06,0.23,-0.76,2.91,0.11,-1
2014-12-22,7.9,8.05,7.87,7.98,87285,0.08,0.18,1.0,2.26,0.09,1
2014-12-19,7.95,8.04,7.78,7.83,95012,-0.12,0.26,-1.53,3.32,0.13,-1
2014-12-18,8.01,8.1,7.83,7.93,131981,-0.08,0.27,-1.01,3.4,0.13,-1
2014-12-17,7.8,7.97,7.76,7.93,142845,0.13,0.21,1.64,2.65,0.1,1
2014-12-16,7.84,8.02,7.61,7.83,377905,-0.01,0.41,-0.13,5.24,0.2,-1
2014-12-15,8.3,8.34,7.8,7.96,173439,-0.34,0.54,-4.27,6.77,0.27,-1
2014-12-12,8.49,8.6,8.21,8.28,135745,-0.21,0.39,-2.54,4.71,0.19,-1
2014-12-11,8.6,8.74,8.52,8.53,144498,-0.07,0.22,-0.82,2.58,0.11,-1
2014-12-10,9.06,9.12,8.57,8.62,216980,-0.44,0.55,-5.1,6.38,0.27,-1
2014-12-09,8.78,9.2,8.68,9.12,276625,0.34,0.52,3.73,5.68,0.26,1
2014-12-08,9.0,9.1,8.83,8.85,254687,-0.15,0.27,-1.69,3.05,0.13,-1
2014-12-05,8.9,9.08,8.8,9.06,1131318,0.16,0.28,1.77,3.09,0.14,1
2014-12-04,9.09,9.14,8.89,8.92,109313,-0.17,0.25,-1.91,2.8,0.12,-1
2014-12-03,8.85,9.24,8.83,9.1,429258,0.25,0.41,2.75,4.51,0.21,1
2014-12-02,8.94,9.05,8.83,8.86,96813,-0.08,0.22,-0.9,2.48,0.11,-1
2014-12-01,9.04,9.04,8.86,8.94,320533,-0.1,0.18,-1.12,2.01,0.09,-1
2014-11-28,9.34,9.34,8.84,9.1,192519,-0.24,0.5,-2.64,5.49,0.25,-1
2014-11-26,9.41,9.46,9.37,9.38,67003,-0.03,0.09,-0.32,0.96,0.05,-1
2014-11-25,9.34,9.49,9.34,9.44,100569,0.1,0.15,1.06,1.59,0.08,1
2014-11-24,9.41,9.47,9.33,9.4,57768,-0.01,0.14,-0.11,1.49,0.07,-1
2014-11-21,9.33,9.5,9.33,9.41,98036,0.08,0.17,0.85,1.81,0.08,1
2014-11-20,9.32,9.35,9.23,9.33,136490,0.01,0.12,0.11,1.29,0.06,1
2014-11-19,9.2,9.38,9.17,9.32,110142,0.12,0.21,1.29,2.25,0.11,1
2014-11-18,9.22,9.22,9.14,9.18,144943,-0.04,0.08,-0.44,0.87,0.04,-1
2014-11-17,9.13,9.27,9.1,9.25,112579,0.12,0.17,1.3,1.84,0.08,1
2014-11-14,9.12,9.22,9.05,9.17,72446,0.05,0.17,0.55,1.85,0.08,1
2014-11-13,8.87,9.18,8.82,9.1,109800,0.23,0.36,2.53,3.92,0.18,1
2014-11-12,8.89,8.96,8.85,8.89,95948,0.0,0.11,0.0,1.24,0.05,-1
2014-11-11,8.9,8.96,8.86,8.94,72484,0.04,0.11,0.45,1.17,0.05,1
2014-11-10,8.89,8.98,8.86,8.9,59423,0.01,0.12,0.11,1.35,0.06,-1
2014-11-07,8.98,8.99,8.83,8.91,149717,-0.07,0.16,-0.79,1.8,0.08,-1
2014-11-06,8.93,9.02,8.9,8.94,217990,0.01,0.12,0.11,1.34,0.06,1
2014-11-05,9.11,9.11,8.89,8.93,229317,-0.18,0.22,-2.02,2.46,0.11,-1
2014-11-04,8.68,9.05,8.54,9.02,162260,0.34,0.51,3.77,5.64,0.25,1
2014-11-03,9.06,9.13,8.97,8.98,159870,-0.08,0.16,-0.89,1.78,0.08,-1
2014-10-31,8.65,9.1,8.65,9.07,277482,0.42,0.45,4.63,4.96,0.22,1
2014-10-30,8.67,8.73,8.62,8.66,50298,-0.01,0.11,-0.12,1.27,0.06,-1
2014-10-29,8.55,8.75,8.45,8.68,438215,0.13,0.3,1.5,3.46,0.15,1
2014-10-28,8.31,8.58,8.31,8.57,120367,0.26,0.27,3.03,3.15,0.13,1
2014-10-27,8.12,8.32,8.12,8.28,215719,0.16,0.2,1.93,2.42,0.1,1
2014-10-24,8.39,8.52,8.18,8.19,167446,-0.2,0.34,-2.44,4.15,0.17,-1
2014-10-23,8.62,8.62,8.34,8.4,153454,-0.22,0.28,-2.62,3.33,0.14,-1
2014-10-22,8.66,8.77,8.52,8.56,115130,-0.1,0.25,-1.17,2.92,0.12,-1
2014-10-21,8.55,8.76,8.46,8.68,199542,0.13,0.3,1.5,3.46,0.15,1
2014-10-20,8.49,8.61,8.47,8.61,364517,0.12,0.14,1.39,1.63,0.07,1
2014-10-17,8.46,8.58,8.44,8.5,59370,0.04,0.14,0.47,1.65,0.07,1
2014-10-16,8.21,8.53,8.18,8.39,103004,0.18,0.35,2.15,4.17,0.17,1
2014-10-15,8.27,8.36,8.02,8.33,218603,0.06,0.34,0.72,4.08,0.17,-1
2014-10-14,8.4,8.51,8.28,8.4,184380,0.0,0.23,0.0,2.74,0.12,-1
2014-10-13,8.54,8.54,8.32,8.48,158902,-0.06,0.22,-0.71,2.59,0.11,-1
2014-10-10,8.65,8.71,8.54,8.58,179277,-0.07,0.17,-0.82,1.98,0.09,-1
2014-10-09,8.9,8.97,8.7,8.74,122969,-0.16,0.27,-1.83,3.09,0.14,-1
2014-10-08,8.82,8.92,8.71,8.9,122029,0.08,0.21,0.9,2.36,0.1,1
2014-10-07,8.8,8.93,8.75,8.82,143140,0.02,0.18,0.23,2.04,0.09,-1
2014-10-06,8.68,8.85,8.68,8.85,126795,0.17,0.17,1.92,1.92,0.08,1
2014-10-03,8.71,8.82,8.68,8.69,128792,-0.02,0.14,-0.23,1.61,0.07,-1
2014-10-02,8.8,8.85,8.59,8.7,296985,-0.1,0.26,-1.15,2.99,0.13,-1
2014-10-01,8.77,8.85,8.74,8.8,236212,0.03,0.11,0.34,1.23,0.05,-1
2014-09-30,8.91,8.91,8.74,8.8,282767,-0.11,0.17,-1.25,1.93,0.08,-1
2014-09-29,8.82,8.94,8.75,8.92,223324,0.1,0.19,1.12,2.13,0.09,1
2014-09-26,8.88,8.9,8.67,8.88,199637,0.0,0.23,0.0,2.59,0.12,1
2014-09-25,9.08,9.08,8.84,8.86,209700,-0.22,0.24,-2.48,2.66,0.12,-1
2014-09-24,8.98,9.1,8.92,9.07,293481,0.09,0.18,0.99,1.98,0.09,1
2014-09-23,9.0,9.06,8.95,9.01,231052,0.01,0.11,0.11,1.22,0.05,-1
2014-09-22,8.96,9.05,8.9,9.03,245503,0.07,0.15,0.78,1.66,0.08,-1
2014-09-19,9.1,9.12,9.03,9.05,109900,-0.05,0.09,-0.55,0.99,0.04,-1
2014-09-18,9.0,9.12,8.95,9.07,184600,0.07,0.17,0.77,1.87,0.08,1
2014-09-17,8.99,9.06,8.94,9.0,180600,0.01,0.12,0.11,1.33,0.06,1
2014-09-16,8.9,9.07,8.89,8.96,140800,0.06,0.18,0.67,2.01,0.09,1
2014-09-15,9.0,9.01,8.89,8.89,209800,-0.11,0.12,-1.24,1.35,0.06,-1
2014-09-12,9.0,9.05,8.95,9.01,169900,0.01,0.1,0.11,1.11,0.05,-1
2014-09-11,8.94,9.06,8.92,9.01,219700,0.07,0.14,0.78,1.55,0.07,-1
2014-09-10,9.0,9.05,8.98,9.01,142000,0.01,0.07,0.11,0.78,0.04,-1
2014-09-09,9.0,9.04,8.98,9.01,160600,0.01,0.06,0.11,0.67,0.03,1
2014-09-08,9.03,9.2,8.82,9.0,225000,-0.03,0.38,-0.33,4.22,0.19,-1
2014-09-05,9.12,9.14,9.03,9.06,254000,-0.06,0.11,-0.66,1.21,0.06,-1
2014-09-04,9.07,9.33,9.07,9.16,305200,0.09,0.26,0.98,2.84,0.13,1
2014-09-03,8.95,9.19,8.93,9.07,3229600,0.12,0.26,1.32,2.87,0.13,1
2014-09-02,9.14,9.42,8.71,8.94,784900,-0.2,0.71,-2.24,7.94,0.35,-1
2014-08-29,9.39,9.49,9.35,9.45,230300,0.06,0.14,0.63,1.48,0.07,1
2014-08-28,9.33,9.53,9.31,9.41,161000,0.08,0.22,0.85,2.34,0.11,1
2014-08-27,9.13,9.41,9.12,9.4,167600,0.27,0.29,2.87,3.09,0.15,1
2014-08-26,9.07,9.3,9.06,9.18,149600,0.11,0.24,1.2,2.61,0.12,1
2014-08-25,9.37,9.43,9.05,9.13,232800,-0.24,0.38,-2.63,4.11,0.19,-1
2014-08-22,9.34,9.38,8.94,9.35,265400,0.01,0.44,0.11,4.71,0.22,-1
2014-08-21,9.51,9.63,9.36,9.37,153800,-0.14,0.27,-1.49,2.88,0.14,-1
2014-08-20,9.52,9.62,9.33,9.47,195500,-0.05,0.29,-0.53,3.06,0.14,-1
2014-08-19,9.77,9.88,9.55,9.57,415500,-0.2,0.33,-2.09,3.45,0.17,-1
2014-08-18,9.59,9.83,9.57,9.74,352100,0.15,0.26,1.54,2.67,0.13,1
2014-08-15,9.98,10.06,9.6,9.6,176700,-0.38,0.46,-3.96,4.79,0.23,-1
2014-08-14,10.12,10.12,9.88,9.9,171100,-0.22,0.24,-2.22,2.42,0.12,-1
2014-08-13,10.25,10.25,10.05,10.09,140100,-0.16,0.2,-1.59,1.98,0.1,-1
2014-08-12,10.25,10.25,10.11,10.22,125500,-0.03,0.14,-0.29,1.37,0.07,-1
2014-08-11,10.25,10.35,10.21,10.25,167100,0.0,0.14,0.0,1.37,0.07,-1
2014-08-08,10.24,10.26,10.11,10.25,43300,0.01,0.15,0.1,1.46,0.08,1
2014-08-07,10.1,10.33,10.09,10.2,168800,0.1,0.24,0.98,2.35,0.12,1
2014-08-06,10.0,10.2,9.96,10.07,515600,0.07,0.23,0.7,2.33,0.12,1
2014-08-05,10.14,10.14,9.96,10.0,251900,-0.14,0.19,-1.4,1.85,0.09,-1
2014-08-04,10.13,10.3,10.12,10.14,248600,0.01,0.18,0.1,1.78,0.09,1
2014-08-01,9.9,10.15,9.9,10.13,210400,0.23,0.25,2.27,2.47,0.12,1
2014-07-31,9.92,10.01,9.89,9.96,202000,0.04,0.12,0.4,1.2,0.06,-1
2014-07-30,9.98,9.99,9.89,9.97,100600,-0.01,0.1,-0.1,1.0,0.05,1
2014-07-29,10.0,10.02,9.92,9.92,20919,-0.08,0.1,-0.81,1.01,0.05,-1
2014-07-28,9.95,9.99,9.94,9.98,32546,0.03,0.04,0.3,0.45,0.02,1
2014-07-25,9.95,10.07,9.9,9.95,149200,0.0,0.17,0.0,1.71,0.08,-1
2014-07-24,9.85,10.02,9.82,10.0,286700,0.15,0.2,1.5,2.0,0.1,1
2014-07-23,9.92,9.92,9.84,9.85,132500,-0.07,0.08,-0.71,0.81,0.04,-1
2014-07-22,9.87,9.94,9.78,9.92,133700,0.05,0.16,0.5,1.61,0.08,1
2014-07-21,9.99,10.05,9.79,9.86,166400,-0.13,0.26,-1.32,2.64,0.13,-1
2014-07-18,9.95,10.3,9.95,10.05,134000,0.1,0.35,1.0,3.48,0.18,1
2014-07-17,10.0,10.08,9.89,9.94,186200,-0.06,0.19,-0.6,1.91,0.09,-1
2014-07-16,9.95,10.11,9.94,10.02,440400,0.07,0.17,0.7,1.7,0.08,1
2014-07-15,9.95,10.0,9.73,9.97,364600,0.02,0.27,0.2,2.71,0.13,-1
2014-07-14,10.0,10.2,9.96,9.99,225500,-0.01,0.23,-0.1,2.35,0.12,-1
2014-07-11,9.85,10.05,9.67,10.0,204400,0.15,0.38,1.5,3.8,0.19,1
2014-07-10,9.64,9.86,9.54,9.8,181800,0.16,0.32,1.63,3.26,0.16,1
2014-07-09,9.59,9.78,9.43,9.71,287100,0.12,0.35,1.24,3.6,0.17,1
2014-07-08,9.71,9.72,9.54,9.62,169300,-0.09,0.19,-0.94,1.92,0.09,-1
2014-07-07,9.65,9.8,9.53,9.77,140100,0.12,0.27,1.23,2.76,0.14,1
2014-07-03,9.63,9.63,9.51,9.61,67200,-0.02,0.12,-0.21,1.25,0.06,-1
2014-07-02,9.4,9.62,9.4,9.62,90800,0.22,0.22,2.29,2.29,0.11,1
2014-07-01,9.5,9.54,9.38,9.45,169900,-0.05,0.16,-0.53,1.69,0.08,1
2014-06-30,9.56,9.56,9.42,9.44,220300,-0.12,0.14,-1.27,1.48,0.07,-1
2014-06-27,9.23,9.61,9.23,9.6,160300,0.37,0.38,3.85,3.96,0.19,1
2014-06-26,9.22,9.28,9.21,9.23,74600,0.01,0.06,0.11,0.7,0.03,-1
2014-06-25,9.42,9.46,9.21,9.26,250500,-0.16,0.25,-1.73,2.7,0.12,-1
2014-06-24,9.54,9.58,9.46,9.47,190100,-0.07,0.12,-0.74,1.27,0.06,-1
2014-06-23,9.45,9.59,9.44,9.51,214900,0.06,0.15,0.63,1.58,0.08,1
2014-06-20,9.35,9.52,9.3,9.49,290800,0.14,0.22,1.48,2.32,0.11,1
2014-06-19,9.22,9.36,9.18,9.34,264700,0.12,0.18,1.28,1.87,0.09,1
2014-06-18,9.29,9.29,9.14,9.24,585400,-0.05,0.15,-0.54,1.68,0.08,-1
2014-06-17,9.46,9.56,9.45,9.45,177000,-0.01,0.11,-0.11,1.16,0.06,-1
2014-06-16,9.7,9.74,9.23,9.47,406400,-0.23,0.51,-2.43,5.39,0.25,-1
2014-06-13,9.72,9.82,9.71,9.71,114400,-0.01,0.11,-0.1,1.13,0.05,-1
2014-06-12,9.8,9.85,9.76,9.78,117400,-0.02,0.09,-0.2,0.95,0.05,-1
2014-06-11,9.87,10.04,9.81,9.83,152500,-0.04,0.23,-0.41,2.34,0.11,-1
2014-06-10,9.85,10.0,9.84,9.93,122400,0.08,0.16,0.81,1.61,0.08,1
2014-06-09,9.9,10.06,9.9,9.91,181900,0.01,0.16,0.1,1.61,0.08,-1
2014-06-06,9.85,9.97,9.77,9.95,237200,0.1,0.2,1.01,2.01,0.1,1
2014-06-05,9.59,9.88,9.56,9.79,308400,0.2,0.32,2.04,3.27,0.16,1
2014-06-04,9.53,9.7,9.44,9.64,389100,0.11,0.26,1.14,2.7,0.13,1
2014-06-03,9.41,9.64,9.4,9.53,1912000,0.12,0.24,1.26,2.52,0.12,1
2014-06-02,9.38,9.64,9.37,9.48,566400,0.1,0.27,1.05,2.85,0.14,1
2014-05-30,9.13,9.18,9.05,9.1,121400,-0.03,0.13,-0.33,1.43,0.06,-1
2014-05-29,9.09,9.2,9.01,9.12,84900,0.03,0.19,0.33,2.08,0.09,1
2014-05-28,9.1,9.19,9.02,9.09,123300,-0.01,0.17,-0.11,1.87,0.08,-1
2014-05-27,9.25,9.28,9.05,9.16,139600,-0.09,0.23,-0.98,2.51,0.11,-1
2014-05-23,9.14,9.29,9.13,9.17,57000,0.03,0.16,0.33,1.74,0.08,1
2014-05-22,9.21,9.26,9.14,9.16,101300,-0.05,0.12,-0.55,1.26,0.06,-1
2014-05-21,9.18,9.21,9.14,9.2,95100,0.02,0.07,0.22,0.76,0.04,1
2014-05-20,8.99,9.15,8.95,9.13,114300,0.14,0.2,1.53,2.19,0.1,1
2014-05-19,8.95,9.04,8.95,9.02,133400,0.07,0.09,0.78,1.0,0.04,1
2014-05-16,8.94,9.04,8.86,9.01,107600,0.07,0.18,0.78,2.0,0.09,1
2014-05-15,9.06,9.12,8.9,8.95,130500,-0.11,0.22,-1.23,2.46,0.11,-1
2014-05-14,9.2,9.2,8.97,9.06,131100,-0.14,0.23,-1.55,2.54,0.11,-1
2014-05-13,9.03,9.2,8.94,9.14,152400,0.11,0.26,1.2,2.84,0.13,1
2014-05-12,8.89,9.03,8.87,8.95,200700,0.06,0.16,0.67,1.79,0.08,1
2014-05-09,8.84,8.9,8.81,8.83,161400,-0.01,0.09,-0.11,1.02,0.04,-1
2014-05-08,8.9,9.02,8.83,8.85,112500,-0.05,0.19,-0.56,2.15,0.09,-1
2014-05-07,8.77,8.88,8.75,8.85,86300,0.08,0.13,0.9,1.47,0.07,1
2014-05-06,8.74,8.88,8.66,8.76,186800,0.02,0.22,0.23,2.51,0.11,1
2014-05-05,8.93,8.93,8.67,8.74,342200,-0.19,0.26,-2.17,2.97,0.13,-1
2014-05-02,8.85,9.06,8.85,9.0,126700,0.15,0.21,1.67,2.33,0.11,1
2014-05-01,8.89,8.94,8.74,8.84,151700,-0.05,0.2,-0.57,2.21,0.1,-1
2014-04-30,9.15,9.15,8.89,8.92,185900,-0.23,0.26,-2.58,2.91,0.13,-1
2014-04-29,9.27,9.34,9.13,9.13,180600,-0.14,0.21,-1.53,2.3,0.1,-1
2014-04-28,9.3,9.32,9.16,9.28,210700,-0.02,0.15,-0.22,1.67,0.08,1
2014-04-25,9.15,9.25,9.03,9.25,207600,0.1,0.22,1.08,2.37,0.11,1
2014-04-24,9.0,9.18,9.0,9.14,263800,0.14,0.18,1.53,1.98,0.09,1
2014-04-23,8.95,8.98,8.9,8.95,151500,0.0,0.08,0.0,0.89,0.04,1
2014-04-22,8.91,8.95,8.88,8.9,97100,-0.01,0.07,-0.11,0.84,0.04,-1
2014-04-21,8.97,8.99,8.86,8.91,94400,-0.06,0.13,-0.67,1.46,0.07,-1
2014-04-17,9.0,9.0,8.91,8.95,118800,-0.05,0.09,-0.56,1.0,0.04,-1
2014-04-16,8.94,9.0,8.9,8.95,229700,0.01,0.1,0.11,1.12,0.05,1
2014-04-15,8.92,8.99,8.86,8.91,405100,-0.01,0.13,-0.11,1.46,0.07,1
2014-04-14,8.62,8.95,8.55,8.9,427300,0.28,0.4,3.15,4.49,0.2,1
2014-04-11,8.46,8.64,8.46,8.5,151800,0.04,0.18,0.47,2.12,0.09,1
2014-04-10,8.37,8.51,8.36,8.47,258100,0.1,0.15,1.18,1.77,0.08,1
2014-04-09,8.2,8.4,8.2,8.35,968800,0.15,0.2,1.8,2.4,0.1,1
2014-04-08,8.19,8.28,8.12,8.2,170800,0.01,0.16,0.12,1.95,0.08,1
2014-04-07,8.14,8.22,8.12,8.17,157300,0.03,0.1,0.37,1.17,0.05,1
2014-04-04,8.28,8.28,8.13,8.14,99700,-0.14,0.15,-1.72,1.84,0.07,-1
2014-04-03,8.24,8.26,8.17,8.22,97800,-0.02,0.09,-0.24,1.1,0.05,1
2014-04-02,8.12,8.25,8.1,8.21,241300,0.09,0.15,1.1,1.83,0.07,1
2014-04-01,8.17,8.22,8.07,8.13,152200,-0.04,0.15,-0.49,1.85,0.08,-1
2014-03-31,8.1,8.2,8.06,8.16,139600,0.06,0.14,0.74,1.72,0.07,1
2014-03-28,7.95,8.1,7.94,8.09,70700,0.14,0.16,1.73,1.98,0.08,1
2014-03-27,8.08,8.14,7.87,7.91,273300,-0.17,0.27,-2.15,3.41,0.14,-1
2014-03-26,8.06,8.1,7.94,8.07,258100,0.01,0.16,0.12,1.98,0.08,1
2014-03-25,7.84,8.05,7.75,8.05,777500,0.21,0.3,2.61,3.73,0.15,1
2014-03-24,7.71,7.84,7.58,7.77,421700,0.06,0.26,0.77,3.35,0.13,1
2014-03-21,7.91,7.91,7.7,7.73,262300,-0.18,0.21,-2.33,2.72,0.1,-1
2014-03-20,7.87,7.94,7.8,7.88,174800,0.01,0.14,0.13,1.78,0.07,-1
2014-03-19,8.02,8.05,7.84,7.94,98400,-0.08,0.21,-1.01,2.64,0.11,-1
2014-03-18,7.97,8.01,7.88,7.97,76700,0.0,0.13,0.0,1.63,0.06,1
2014-03-17,8.02,8.1,7.95,7.95,107500,-0.07,0.15,-0.88,1.89,0.07,-1
2014-03-14,7.86,8.0,7.85,7.96,114800,0.1,0.15,1.26,1.88,0.08,1
2014-03-13,8.05,8.1,7.87,7.88,150200,-0.17,0.23,-2.16,2.92,0.11,-1
2014-03-12,7.97,8.19,7.92,8.05,237400,0.08,0.27,0.99,3.35,0.13,1
2014-03-11,8.04,8.09,7.93,7.97,89300,-0.07,0.16,-0.88,2.01,0.08,-1
2014-03-10,7.93,8.1,7.9,8.04,168800,0.11,0.2,1.37,2.49,0.1,1
2014-03-07,7.93,8.09,7.86,8.0,405100,0.07,0.23,0.88,2.87,0.11,1
2014-03-06,7.91,8.0,7.88,7.94,128000,0.03,0.12,0.38,1.51,0.06,1
2014-03-05,7.94,8.03,7.91,7.92,199000,-0.02,0.12,-0.25,1.56,0.06,1
2014-03-04,7.76,7.91,7.75,7.9,134300,0.14,0.16,1.77,2.03,0.08,1
2014-03-03,7.78,7.95,7.6,7.68,195000,-0.1,0.35,-1.3,4.56,0.18,-1
2014-02-28,7.81,7.91,7.81,7.84,167600,0.03,0.1,0.38,1.28,0.05,1
2014-02-27,7.82,7.9,7.76,7.83,163400,0.01,0.14,0.13,1.79,0.07,-1
2014-02-26,7.79,7.9,7.79,7.84,113000,0.05,0.11,0.64,1.4,0.06,1
2014-02-25,7.94,7.94,7.68,7.83,173700,-0.11,0.26,-1.4,3.32,0.13,-1
2014-02-24,7.93,8.04,7.91,7.99,113900,0.06,0.13,0.75,1.63,0.06,1
2014-02-21,7.94,8.01,7.9,7.95,126200,0.01,0.12,0.13,1.45,0.06,1
2014-02-20,7.75,7.92,7.75,7.84,123100,0.09,0.17,1.15,2.17,0.08,1
2014-02-19,7.78,7.85,7.7,7.75,152000,-0.03,0.15,-0.39,1.93,0.07,-1
2014-02-18,7.99,8.04,7.82,7.82,145600,-0.17,0.22,-2.17,2.81,0.11,-1
2014-02-14,7.74,8.08,7.74,8.0,193800,0.26,0.34,3.25,4.25,0.17,1
2014-02-13,7.71,7.84,7.71,7.78,208000,0.07,0.13,0.9,1.67,0.06,1
2014-02-12,7.65,7.85,7.62,7.75,181900,0.1,0.23,1.29,2.97,0.11,1
2014-02-11,7.63,7.76,7.21,7.65,341300,0.02,0.55,0.26,7.19,0.27,1
2014-02-10,7.58,7.77,7.58,7.63,181100,0.05,0.19,0.66,2.49,0.09,1
2014-02-07,7.67,7.78,7.57,7.59,271800,-0.08,0.21,-1.05,2.77,0.1,-1
2014-02-06,7.44,7.7,7.44,7.65,218300,0.21,0.26,2.75,3.4,0.13,1
2014-02-05,7.14,7.46,7.11,7.41,136900,0.27,0.35,3.64,4.72,0.17,1
2014-02-04,7.01,7.25,6.79,7.14,197600,0.13,0.46,1.82,6.44,0.23,1
2014-02-03,7.45,7.5,6.99,7.01,294200,-0.44,0.51,-6.28,7.28,0.25,-1
2014-01-31,7.54,7.59,7.43,7.51,277800,-0.03,0.16,-0.4,2.13,0.08,-1
2014-01-30,7.7,7.79,7.61,7.68,95100,-0.02,0.18,-0.26,2.34,0.09,1
2014-01-29,7.69,7.69,7.48,7.67,227300,-0.02,0.21,-0.26,2.74,0.1,-1
2014-01-28,7.36,7.75,7.32,7.71,267100,0.35,0.43,4.54,5.58,0.21,1
2014-01-27,7.27,7.38,7.05,7.36,277900,0.09,0.33,1.22,4.48,0.17,1
2014-01-24,7.77,7.95,7.02,7.23,875200,-0.54,0.93,-7.47,12.86,0.47,-1
2014-01-23,8.1,8.1,7.85,7.87,114100,-0.23,0.25,-2.92,3.18,0.12,-1
2014-01-22,7.99,8.06,7.96,7.98,122700,-0.01,0.1,-0.13,1.25,0.05,1
2014-01-21,7.91,7.99,7.89,7.95,164300,0.04,0.1,0.5,1.26,0.05,1
2014-01-17,7.93,7.95,7.83,7.92,161000,-0.01,0.12,-0.13,1.51,0.06,1
2014-01-16,7.66,7.91,7.6,7.91,121200,0.25,0.31,3.16,3.92,0.16,1
2014-01-15,7.73,7.81,7.65,7.7,506500,-0.03,0.16,-0.39,2.08,0.08,-1
2014-01-14,7.57,7.77,7.57,7.75,225300,0.18,0.2,2.32,2.58,0.1,1
2014-01-13,7.6,7.67,7.54,7.6,209700,0.0,0.13,0.0,1.71,0.06,-1
2014-01-10,7.63,7.7,7.59,7.6,152000,-0.03,0.11,-0.39,1.38,0.05,-1
2014-01-09,7.75,7.75,7.55,7.63,304700,-0.12,0.2,-1.57,2.62,0.1,-1
2014-01-08,7.83,7.89,7.73,7.73,181100,-0.1,0.16,-1.29,2.07,0.08,-1
2014-01-07,7.81,7.94,7.81,7.87,82200,0.06,0.13,0.76,1.65,0.07,1
2014-01-06,7.85,7.93,7.81,7.81,193400,-0.04,0.12,-0.51,1.54,0.06,-1
2014-01-03,7.84,7.92,7.84,7.87,72900,0.03,0.08,0.38,1.02,0.04,-1
2014-01-02,8.01,8.03,7.87,7.87,126100,-0.14,0.16,-1.78,2.03,0.08,-1
2013-12-31,8.06,8.16,8.01,8.09,135000,0.03,0.15,0.37,1.85,0.08,1
2013-12-30,8.07,8.12,8.0,8.0,154400,-0.07,0.12,-0.88,1.53,0.06,-1
2013-12-27,7.82,8.1,7.8,8.07,211400,0.25,0.3,3.1,3.72,0.15,1
2013-12-26,8.02,8.02,7.82,7.85,231200,-0.17,0.19,-2.17,2.48,0.1,-1
2013-12-24,7.9,8.05,7.9,8.03,101800,0.13,0.15,1.62,1.92,0.08,1
2013-12-23,7.95,7.95,7.73,7.89,315700,-0.06,0.22,-0.76,2.79,0.11,1
2013-12-20,7.75,7.99,7.75,7.87,741300,0.12,0.24,1.52,3.05,0.12,1
2013-12-19,7.73,7.81,7.72,7.75,170400,0.02,0.09,0.26,1.16,0.04,1
2013-12-18,7.83,7.83,7.63,7.72,201800,-0.11,0.2,-1.42,2.59,0.1,-1
2013-12-17,7.74,7.84,7.74,7.76,63733,0.02,0.1,0.26,1.29,0.05,-1
2013-12-16,7.75,7.84,7.72,7.76,49365,0.01,0.12,0.13,1.55,0.06,1
2013-12-13,7.9,7.9,7.72,7.74,221300,-0.16,0.18,-2.07,2.33,0.09,-1
2013-12-12,7.87,7.92,7.81,7.85,132500,-0.02,0.11,-0.25,1.4,0.06,-1
2013-12-11,7.95,8.0,7.89,7.95,145400,0.0,0.11,0.0,1.38,0.06,-1
2013-12-10,8.04,8.15,7.96,7.96,72600,-0.08,0.19,-1.01,2.39,0.1,-1
2013-12-09,8.12,8.12,8.03,8.05,52200,-0.07,0.09,-0.87,1.12,0.04,-1
2013-12-06,8.02,8.1,7.99,8.07,72500,0.05,0.11,0.62,1.36,0.05,1
2013-12-05,7.94,8.01,7.87,8.0,121500,0.06,0.14,0.75,1.75,0.07,1
2013-12-04,7.82,7.96,7.8,7.96,498800,0.14,0.17,1.76,2.07,0.08,1
2013-12-03,8.16,8.16,7.8,7.91,224000,-0.25,0.36,-3.16,4.55,0.18,-1
2013-12-02,8.34,8.36,8.19,8.22,149000,-0.12,0.17,-1.46,2.07,0.08,-1
2013-11-29,8.26,8.4,8.16,8.36,257800,0.1,0.24,1.2,2.93,0.12,1
2013-11-27,8.04,8.21,8.04,8.21,180400,0.17,0.17,2.07,2.07,0.09,1
2013-11-26,7.88,8.1,7.85,8.03,140700,0.15,0.25,1.87,3.11,0.12,1
2013-11-25,8.0,8.0,7.89,7.9,66800,-0.1,0.11,-1.27,1.39,0.06,-1
2013-11-22,7.91,7.99,7.9,7.95,189200,0.04,0.09,0.5,1.13,0.04,1
2013-11-21,7.86,7.94,7.84,7.92,109000,0.06,0.1,0.76,1.26,0.05,1
2013-11-20,7.91,8.05,7.82,7.88,209900,-0.03,0.24,-0.38,2.98,0.12,-1
2013-11-19,7.75,7.92,7.68,7.91,390200,0.16,0.24,2.02,3.03,0.12,1
2013-11-18,8.0,8.0,7.76,7.77,412600,-0.23,0.24,-2.96,3.09,0.12,-1
2013-11-15,7.96,8.05,7.95,8.01,124200,0.05,0.1,0.62,1.25,0.05,1
2013-11-14,7.81,8.0,7.77,7.97,120200,0.16,0.23,2.01,2.89,0.12,1
2013-11-13,7.72,7.82,7.65,7.82,217700,0.1,0.17,1.28,2.17,0.08,1
2013-11-12,7.6,7.75,7.55,7.72,118200,0.12,0.2,1.55,2.59,0.1,1
2013-11-11,7.62,7.66,7.53,7.62,147300,0.0,0.13,0.0,1.71,0.06,-1
2013-11-08,7.76,7.79,7.61,7.66,209100,-0.1,0.18,-1.31,2.35,0.09,-1
2013-11-07,7.99,7.99,7.76,7.82,370500,-0.17,0.23,-2.17,2.94,0.12,-1
2013-11-06,7.99,8.03,7.97,8.0,110700,0.01,0.06,0.12,0.75,0.03,1
2013-11-05,8.01,8.1,7.9,7.92,179700,-0.09,0.2,-1.14,2.53,0.1,-1
2013-11-04,8.07,8.12,8.01,8.06,124400,-0.01,0.11,-0.12,1.36,0.05,1
2013-11-01,8.0,8.05,7.92,8.03,236900,0.03,0.13,0.37,1.62,0.07,1
2013-10-31,8.03,8.07,7.97,8.0,177500,-0.03,0.1,-0.37,1.25,0.05,-1
2013-10-30,8.14,8.19,7.92,8.08,327300,-0.06,0.27,-0.74,3.34,0.13,-1
2013-10-29,8.37,8.4,8.12,8.15,153200,-0.22,0.28,-2.7,3.44,0.14,-1
2013-10-28,8.3,8.41,8.29,8.37,324700,0.07,0.12,0.84,1.43,0.06,1
2013-10-25,8.3,8.36,8.28,8.3,256100,0.0,0.08,0.0,0.96,0.04,-1
2013-10-24,8.28,8.37,8.24,8.3,200000,0.02,0.13,0.24,1.57,0.06,1
2013-10-23,8.22,8.33,8.16,8.29,280400,0.07,0.17,0.84,2.05,0.08,1
2013-10-22,8.13,8.3,8.06,8.26,221400,0.13,0.24,1.57,2.91,0.12,1
2013-10-21,8.06,8.13,8.0,8.11,225700,0.05,0.13,0.62,1.6,0.07,1
2013-10-18,8.26,8.27,8.02,8.08,189400,-0.18,0.24,-2.23,3.03,0.12,-1
2013-10-17,8.12,8.28,8.03,8.26,413800,0.14,0.25,1.69,3.03,0.12,1
2013-10-16,8.13,8.16,7.9,8.11,172100,-0.02,0.26,-0.25,3.21,0.13,1
2013-10-15,8.01,8.16,8.01,8.1,306100,0.09,0.15,1.11,1.83,0.07,1
2013-10-14,7.9,8.08,7.9,8.05,290500,0.15,0.18,1.86,2.24,0.09,1
2013-10-11,7.75,8.06,7.75,7.98,412700,0.23,0.31,2.88,3.88,0.16,1
2013-10-10,7.7,7.81,7.64,7.79,524400,0.09,0.17,1.16,2.18,0.08,1
2013-10-09,7.55,7.71,7.54,7.68,395700,0.13,0.17,1.69,2.21,0.08,1
2013-10-08,7.54,7.65,7.51,7.6,370541,0.06,0.14,0.79,1.84,0.07,1
2013-10-07,7.56,7.63,7.53,7.58,86490,0.02,0.1,0.26,1.32,0.05,-1
2013-10-04,7.5,7.62,7.5,7.59,125600,0.09,0.12,1.19,1.58,0.06,1
2013-10-03,7.54,7.58,7.5,7.54,137800,0.0,0.08,0.0,1.06,0.04,-1
2013-10-02,7.4,7.63,7.4,7.57,166100,0.17,0.23,2.25,3.04,0.11,1
2013-10-01,7.36,7.48,7.29,7.46,215900,0.1,0.19,1.34,2.55,0.1,1
2013-09-30,7.41,7.52,7.38,7.41,111500,0.0,0.14,0.0,1.88,0.07,-1
2013-09-27,7.57,7.65,7.48,7.49,373700,-0.08,0.17,-1.07,2.27,0.08,-1
2013-09-26,7.64,7.7,7.58,7.65,228800,0.01,0.12,0.13,1.57,0.06,1
2013-09-25,7.44,7.66,7.42,7.6,251600,0.16,0.24,2.11,3.16,0.12,1
2013-09-24,7.27,7.5,7.2,7.47,556600,0.2,0.3,2.68,4.02,0.15,1
2013-09-23,7.41,7.49,7.4,7.46,139900,0.05,0.09,0.67,1.21,0.04,1
2013-09-20,7.52,7.52,7.42,7.44,164700,-0.08,0.1,-1.08,1.34,0.05,-1
2013-09-19,7.64,7.64,7.45,7.48,178500,-0.16,0.19,-2.14,2.54,0.09,-1
2013-09-18,7.49,7.65,7.41,7.58,305800,0.09,0.24,1.19,3.17,0.12,1
2013-09-17,7.4,7.5,7.39,7.49,280000,0.09,0.11,1.2,1.47,0.06,1
2013-09-16,7.23,7.38,7.13,7.36,387500,0.13,0.25,1.77,3.4,0.12,1
2013-09-13,7.2,7.27,7.14,7.15,112600,-0.05,0.13,-0.7,1.82,0.06,-1
2013-09-12,7.27,7.3,7.16,7.21,179800,-0.06,0.14,-0.83,1.94,0.07,-1
2013-09-11,7.11,7.34,7.09,7.25,312500,0.14,0.25,1.93,3.52,0.13,1
2013-09-10,7.01,7.12,6.98,7.06,166000,0.05,0.14,0.71,1.98,0.07,1
2013-09-09,6.76,6.96,6.72,6.95,176100,0.19,0.24,2.73,3.42,0.12,1
2013-09-06,6.58,6.74,6.58,6.7,113800,0.12,0.16,1.79,2.39,0.08,1
2013-09-05,6.57,6.58,6.48,6.56,326100,-0.01,0.1,-0.15,1.52,0.05,1
2013-09-04,6.54,6.61,6.45,6.54,220500,0.0,0.16,0.0,2.45,0.08,1
2013-09-03,6.47,6.59,6.45,6.5,126900,0.03,0.14,0.46,2.15,0.07,1
2013-08-30,6.55,6.58,6.42,6.44,145100,-0.11,0.16,-1.71,2.48,0.08,-1
2013-08-29,6.45,6.62,6.43,6.52,103500,0.07,0.19,1.07,2.91,0.1,1
2013-08-28,6.49,6.52,6.42,6.45,88100,-0.04,0.1,-0.62,1.55,0.05,-1
2013-08-27,6.71,6.72,6.48,6.49,207500,-0.22,0.24,-3.39,3.7,0.12,-1
2013-08-26,6.75,6.96,6.71,6.72,199800,-0.03,0.25,-0.45,3.72,0.12,-1
2013-08-23,6.62,6.78,6.58,6.77,81900,0.15,0.2,2.22,2.88,0.1,1
2013-08-22,6.59,6.7,6.53,6.63,100900,0.04,0.17,0.6,2.56,0.08,1
2013-08-21,6.75,6.76,6.5,6.59,216300,-0.16,0.26,-2.43,3.95,0.13,-1
2013-08-20,6.59,6.76,6.57,6.72,174300,0.13,0.19,1.93,2.83,0.09,1
2013-08-19,6.6,6.69,6.47,6.54,274100,-0.06,0.22,-0.92,3.36,0.11,-1
2013-08-16,6.86,6.9,6.59,6.6,296600,-0.26,0.31,-3.94,4.7,0.16,-1
2013-08-15,7.0,7.17,6.68,6.9,288200,-0.1,0.49,-1.45,7.09,0.24,-1
2013-08-14,7.16,7.26,7.06,7.12,234400,-0.04,0.2,-0.56,2.81,0.1,-1
2013-08-13,6.99,7.26,6.94,7.14,776600,0.15,0.32,2.1,4.48,0.16,1
2013-08-12,6.77,6.98,6.72,6.95,181000,0.18,0.26,2.59,3.74,0.13,1
2013-08-09,6.67,6.8,6.65,6.76,97400,0.09,0.15,1.33,2.22,0.07,1
2013-08-08,6.67,6.78,6.62,6.74,110800,0.07,0.16,1.04,2.37,0.08,1
2013-08-07,6.83,6.83,6.67,6.69,88800,-0.14,0.16,-2.09,2.39,0.08,-1
2013-08-06,6.75,6.85,6.67,6.82,119600,0.07,0.18,1.03,2.6,0.09,1
2013-08-05,6.73,6.76,6.65,6.73,95400,0.0,0.11,0.0,1.63,0.05,1
2013-08-02,6.62,6.81,6.51,6.7,146500,0.08,0.3,1.19,4.48,0.15,1
2013-08-01,6.58,6.66,6.48,6.61,262500,0.03,0.18,0.45,2.72,0.09,1
2013-07-31,6.66,6.68,6.5,6.55,247800,-0.11,0.18,-1.68,2.75,0.09,-1
2013-07-30,6.68,6.79,6.58,6.63,186700,-0.05,0.21,-0.75,3.09,0.1,-1
2013-07-29,6.68,6.75,6.63,6.71,152300,0.03,0.12,0.45,1.79,0.06,1
2013-07-26,6.6,6.76,6.5,6.66,415900,0.06,0.26,0.9,3.9,0.13,1
2013-07-25,6.72,6.76,6.62,6.63,245600,-0.09,0.14,-1.36,2.11,0.07,-1
2013-07-24,6.74,6.76,6.67,6.69,215600,-0.05,0.09,-0.75,1.35,0.04,-1
2013-07-23,6.76,6.8,6.69,6.71,199300,-0.05,0.11,-0.75,1.64,0.05,-1
2013-07-22,6.75,6.85,6.73,6.76,113900,0.01,0.12,0.15,1.77,0.06,1
2013-07-19,6.69,6.78,6.68,6.71,147200,0.02,0.1,0.3,1.49,0.05,-1
2013-07-18,6.78,6.89,6.75,6.79,274300,0.01,0.14,0.15,2.06,0.07,1
2013-07-17,6.77,6.84,6.72,6.78,331300,0.01,0.12,0.15,1.7,0.06,1
2013-07-16,6.73,6.78,6.65,6.77,192800,0.04,0.13,0.59,1.99,0.07,1
2013-07-15,6.73,6.75,6.67,6.7,213100,-0.03,0.08,-0.45,1.19,0.04,1
2013-07-12,6.73,6.81,6.68,6.69,176600,-0.04,0.13,-0.6,1.94,0.06,-1
2013-07-11,6.75,6.75,6.6,6.73,373500,-0.02,0.15,-0.3,2.23,0.08,1
2013-07-10,6.56,6.62,6.51,6.6,321100,0.04,0.11,0.61,1.65,0.05,1
2013-07-09,6.59,6.7,6.41,6.51,250000,-0.08,0.29,-1.23,4.45,0.15,1
2013-07-08,6.27,6.38,6.19,6.34,307900,0.07,0.19,1.1,3.0,0.09,1
2013-07-05,6.3,6.39,6.16,6.22,117200,-0.08,0.23,-1.29,3.7,0.11,-1
2013-07-03,6.34,6.4,6.28,6.28,62100,-0.06,0.12,-0.96,1.91,0.06,-1
2013-07-02,6.39,6.46,6.29,6.39,304300,0.0,0.17,0.0,2.66,0.08,1
2013-07-01,6.34,6.44,6.26,6.31,222000,-0.03,0.18,-0.48,2.85,0.09,1
2013-06-28,6.37,6.48,6.23,6.25,308300,-0.12,0.25,-1.92,4.0,0.12,-1
2013-06-27,6.26,6.42,6.26,6.4,193600,0.14,0.16,2.19,2.5,0.08,1
2013-06-26,6.01,6.31,6.01,6.18,286800,0.17,0.3,2.75,4.85,0.15,1
2013-06-25,6.06,6.17,6.05,6.05,381100,-0.01,0.12,-0.17,1.98,0.06,-1
2013-06-24,6.37,6.37,6.0,6.07,672600,-0.3,0.37,-4.94,6.01,0.18,-1
2013-06-21,6.5,6.5,6.09,6.44,637300,-0.06,0.41,-0.93,6.37,0.21,-1
2013-06-20,6.82,6.82,6.5,6.53,402300,-0.29,0.32,-4.44,4.9,0.16,-1
2013-06-19,6.99,7.05,6.8,6.8,235700,-0.19,0.25,-2.79,3.68,0.12,-1
2013-06-18,7.01,7.12,6.99,7.0,250000,-0.01,0.13,-0.14,1.86,0.06,1
2013-06-17,7.07,7.09,6.88,6.98,272000,-0.09,0.21,-1.29,3.01,0.1,-1
2013-06-14,6.88,7.07,6.86,6.99,246400,0.11,0.21,1.57,2.99,0.1,1
2013-06-13,6.9,6.94,6.75,6.81,324700,-0.09,0.19,-1.32,2.79,0.09,-1
2013-06-12,7.12,7.12,6.91,6.95,378500,-0.17,0.21,-2.45,3.02,0.1,-1
2013-06-11,7.14,7.22,7.06,7.08,173100,-0.06,0.15,-0.85,2.19,0.08,-1
2013-06-10,7.26,7.31,7.14,7.22,154600,-0.04,0.17,-0.55,2.35,0.08,-1
2013-06-07,7.21,7.25,7.13,7.24,170600,0.03,0.12,0.41,1.66,0.06,1
2013-06-06,7.37,7.37,7.1,7.15,213700,-0.22,0.27,-3.08,3.78,0.14,-1
2013-06-05,7.5,7.53,7.35,7.35,94000,-0.15,0.18,-2.04,2.45,0.09,-1
2013-06-04,7.38,7.54,7.35,7.54,91200,0.16,0.19,2.12,2.52,0.1,1
2013-06-03,7.42,7.42,7.33,7.39,108900,-0.03,0.09,-0.41,1.22,0.04,-1
2013-05-31,7.45,7.52,7.39,7.39,62200,-0.06,0.13,-0.81,1.76,0.06,-1
2013-05-30,7.53,7.55,7.37,7.5,185500,-0.03,0.18,-0.4,2.38,0.09,1
2013-05-29,7.5,7.55,7.41,7.47,99600,-0.03,0.14,-0.4,1.86,0.07,-1
2013-05-28,7.57,7.6,7.45,7.51,85300,-0.06,0.15,-0.8,2.0,0.07,-1
2013-05-24,7.53,7.59,7.49,7.51,76700,-0.02,0.1,-0.27,1.33,0.05,-1
2013-05-23,7.62,7.65,7.42,7.56,112600,-0.06,0.23,-0.79,3.04,0.12,-1
2013-05-22,7.77,7.92,7.61,7.7,174100,-0.07,0.31,-0.91,4.03,0.15,-1
2013-05-21,7.9,7.92,7.75,7.78,128300,-0.12,0.17,-1.54,2.19,0.08,-1
2013-05-20,7.86,7.97,7.84,7.9,118100,0.04,0.13,0.51,1.59,0.06,1
2013-05-17,7.94,7.94,7.8,7.85,1389800,-0.09,0.14,-1.15,1.78,0.07,-1
2013-05-16,7.8,7.95,7.66,7.94,54587,0.14,0.29,1.76,3.65,0.15,1
2013-05-15,7.88,7.94,7.85,7.88,183500,0.0,0.09,0.0,1.14,0.05,-1
2013-05-14,7.97,7.97,7.84,7.91,203400,-0.06,0.13,-0.76,1.64,0.06,-1
2013-05-13,7.92,7.93,7.79,7.93,233200,0.01,0.14,0.13,1.77,0.07,1
2013-05-10,7.8,7.9,7.76,7.89,209900,0.09,0.14,1.14,1.77,0.07,1
2013-05-09,7.7,7.82,7.68,7.79,155600,0.09,0.14,1.16,1.8,0.07,1
2013-05-08,7.65,7.76,7.58,7.75,136600,0.1,0.18,1.29,2.32,0.09,1
2013-05-07,7.75,7.78,7.63,7.68,144100,-0.07,0.15,-0.91,1.95,0.08,-1
2013-05-06,7.64,7.73,7.6,7.69,214500,0.05,0.13,0.65,1.69,0.07,1
2013-05-03,7.69,7.72,7.63,7.67,139900,-0.02,0.09,-0.26,1.17,0.04,1
2013-05-02,7.53,7.68,7.5,7.63,328800,0.1,0.18,1.31,2.36,0.09,1
2013-05-01,7.41,7.58,7.39,7.54,251000,0.13,0.19,1.72,2.52,0.1,1
2013-04-30,7.55,7.6,7.33,7.46,321500,-0.09,0.27,-1.21,3.62,0.13,-1
2013-04-29,7.5,7.64,7.48,7.53,212900,0.03,0.16,0.4,2.12,0.08,1
2013-04-26,7.38,7.52,7.33,7.45,165900,0.07,0.19,0.94,2.55,0.09,1
2013-04-25,7.44,7.53,7.35,7.36,236500,-0.08,0.18,-1.09,2.45,0.09,-1
2013-04-24,7.16,7.45,7.15,7.37,206500,0.21,0.3,2.85,4.06,0.15,1
2013-04-23,7.12,7.21,7.1,7.15,228900,0.03,0.11,0.42,1.54,0.06,1
2013-04-22,7.19,7.21,7.04,7.08,121500,-0.11,0.17,-1.55,2.4,0.08,-1
2013-04-19,7.26,7.3,7.13,7.17,288400,-0.09,0.17,-1.26,2.37,0.08,1
2013-04-18,7.02,7.05,6.95,7.0,301900,-0.02,0.1,-0.29,1.43,0.05,-1
2013-04-17,7.1,7.14,6.91,7.06,475900,-0.04,0.23,-0.57,3.26,0.11,-1
2013-04-16,7.12,7.24,7.06,7.17,302800,0.05,0.18,0.7,2.51,0.09,1
2013-04-15,7.25,7.27,7.02,7.11,774400,-0.14,0.25,-1.97,3.52,0.12,-1
2013-04-12,7.56,7.59,7.25,7.27,398900,-0.29,0.34,-3.99,4.68,0.17,-1
2013-04-11,7.61,7.75,7.56,7.58,246700,-0.03,0.19,-0.4,2.51,0.1,-1
2013-04-10,7.44,7.69,7.44,7.64,262300,0.2,0.25,2.62,3.27,0.12,1
2013-04-09,7.54,7.54,7.39,7.44,265500,-0.1,0.15,-1.34,2.02,0.08,-1
2013-04-08,7.47,7.52,7.29,7.5,447300,0.03,0.23,0.4,3.07,0.11,1
2013-04-05,7.48,7.57,7.4,7.43,272700,-0.05,0.17,-0.67,2.29,0.08,-1
2013-04-04,7.41,7.61,7.41,7.59,426000,0.18,0.2,2.37,2.64,0.1,1
2013-04-03,7.67,7.67,7.4,7.43,360000,-0.24,0.27,-3.23,3.63,0.13,-1
2013-04-02,7.6,7.78,7.53,7.65,372000,0.05,0.25,0.65,3.27,0.12,1
2013-04-01,7.68,7.74,7.42,7.6,586600,-0.08,0.32,-1.05,4.21,0.16,-1
2013-03-28,7.8,7.8,7.64,7.69,710700,-0.11,0.16,-1.43,2.08,0.08,-1
2013-03-27,7.73,7.85,7.71,7.78,464100,0.05,0.14,0.64,1.79,0.07,-1
2013-03-26,7.95,8.0,7.75,7.79,855900,-0.16,0.25,-2.05,3.21,0.12,-1
2013-03-25,8.09,8.14,7.91,7.93,579900,-0.16,0.23,-2.02,2.9,0.12,-1
2013-03-22,8.03,8.14,7.93,8.0,756700,-0.03,0.21,-0.37,2.63,0.11,1
2013-03-21,8.01,8.07,7.91,7.98,545000,-0.03,0.16,-0.38,2.01,0.08,-1
2013-03-20,8.15,8.2,8.02,8.05,202000,-0.1,0.18,-1.24,2.24,0.09,-1
2013-03-19,8.24,8.24,8.05,8.11,534700,-0.13,0.19,-1.6,2.34,0.09,-1
2013-03-18,8.09,8.3,8.06,8.26,576800,0.17,0.24,2.06,2.91,0.12,1
2013-03-15,8.56,8.57,8.05,8.17,4119100,-0.39,0.52,-4.77,6.36,0.26,-1
2013-03-14,8.5,8.58,8.34,8.54,345900,0.04,0.24,0.47,2.81,0.12,1
2013-03-13,8.11,8.51,8.11,8.47,799900,0.36,0.4,4.25,4.72,0.2,1
2013-03-12,8.09,8.28,8.06,8.1,323800,0.01,0.22,0.12,2.67,0.11,1
2013-03-11,7.93,8.15,7.92,8.09,494900,0.16,0.23,1.98,2.84,0.12,1
2013-03-08,8.06,8.14,7.9,7.94,754700,-0.12,0.24,-1.51,3.02,0.12,-1
2013-03-07,8.19,8.32,8.0,8.02,711900,-0.17,0.32,-2.12,3.99,0.16,-1
2013-03-06,8.2,8.25,8.09,8.12,614400,-0.08,0.16,-0.99,1.97,0.08,-1
2013-03-05,8.22,8.24,8.08,8.14,860100,-0.08,0.16,-0.98,1.97,0.08,1
2013-03-04,8.05,8.28,8.05,8.1,362500,0.05,0.23,0.62,2.84,0.11,1
2013-03-01,7.84,8.12,7.84,8.06,488200,0.22,0.28,2.73,3.47,0.14,1
2013-02-28,7.96,8.0,7.85,7.85,555800,-0.11,0.15,-1.4,1.91,0.08,-1
2013-02-27,8.02,8.13,7.99,8.0,405500,-0.02,0.14,-0.25,1.75,0.07,-1
2013-02-26,8.02,8.14,7.93,8.03,1222400,0.01,0.21,0.12,2.61,0.1,1
2013-02-25,8.07,8.13,7.9,7.92,655800,-0.15,0.23,-1.89,2.9,0.12,-1
2013-02-22,8.13,8.23,8.01,8.2,572100,0.07,0.22,0.85,2.68,0.11,1
2013-02-21,8.13,8.2,8.03,8.05,557900,-0.08,0.17,-0.99,2.11,0.08,-1
2013-02-20,8.32,8.34,8.14,8.16,360700,-0.16,0.2,-1.96,2.45,0.1,-1
2013-02-19,8.36,8.36,8.24,8.29,317900,-0.07,0.12,-0.84,1.45,0.06,-1
2013-02-15,8.3,8.32,8.22,8.31,303600,0.01,0.1,0.12,1.2,0.05,1
2013-02-14,8.31,8.38,8.24,8.25,235100,-0.06,0.14,-0.73,1.7,0.07,-1
2013-02-13,8.39,8.45,8.2,8.33,334700,-0.06,0.25,-0.72,3.0,0.12,-1
2013-02-12,8.52,8.52,8.38,8.4,370500,-0.12,0.14,-1.43,1.71,0.07,-1
2013-02-11,8.51,8.63,8.43,8.54,197900,0.03,0.2,0.35,2.34,0.1,1
2013-02-08,8.56,8.57,8.48,8.5,323700,-0.06,0.09,-0.71,1.06,0.04,-1
2013-02-07,8.55,8.65,8.49,8.52,699700,-0.03,0.16,-0.35,1.88,0.08,1
2013-02-06,8.5,8.69,8.5,8.5,274800,0.0,0.19,0.0,2.24,0.09,-1
2013-02-05,8.55,8.68,8.45,8.55,614500,0.0,0.23,0.0,2.69,0.12,-1
2013-02-04,8.7,8.76,8.48,8.56,1204800,-0.14,0.28,-1.64,3.27,0.14,-1
2013-02-01,8.5,8.75,8.4,8.74,866700,0.24,0.35,2.75,4.0,0.17,1
2013-01-31,8.32,8.57,8.14,8.5,7105100,0.18,0.44,2.12,5.12,0.22,1
2013-01-30,8.6,8.62,8.12,8.18,1018400,-0.42,0.5,-5.13,6.11,0.25,-1
2013-01-29,9.14,9.14,8.51,8.55,294500,-0.59,0.63,-6.9,7.37,0.32,-1
2013-01-28,9.2,9.38,9.06,9.11,146800,-0.09,0.32,-0.99,3.51,0.16,-1
2013-01-25,8.92,9.19,8.9,9.17,173400,0.25,0.29,2.73,3.16,0.14,1
2013-01-24,9.58,9.58,8.9,9.0,678700,-0.58,0.68,-6.44,7.56,0.34,-1
2013-01-23,9.5,9.6,9.4,9.45,178200,-0.05,0.2,-0.53,2.12,0.1,-1
2013-01-22,9.56,9.59,9.26,9.45,438200,-0.11,0.33,-1.16,3.49,0.17,-1
2013-01-18,9.45,9.6,9.21,9.56,223200,0.11,0.39,1.15,4.08,0.19,1
2013-01-17,9.22,9.57,9.17,9.46,242400,0.24,0.4,2.54,4.23,0.2,1
2013-01-16,9.29,9.39,9.06,9.06,187700,-0.23,0.33,-2.54,3.64,0.17,-1
2013-01-15,9.12,9.45,9.1,9.3,264000,0.18,0.35,1.94,3.76,0.17,1
2013-01-14,8.91,9.18,8.9,9.06,222900,0.15,0.28,1.66,3.09,0.14,1
2013-01-11,8.86,9.0,8.67,8.94,291000,0.08,0.33,0.89,3.69,0.17,1
2013-01-10,8.81,9.06,8.81,8.9,216600,0.09,0.25,1.01,2.81,0.12,1
2013-01-09,8.66,8.85,8.6,8.79,169800,0.13,0.25,1.48,2.84,0.12,1
2013-01-08,8.83,8.9,8.52,8.58,126400,-0.25,0.38,-2.91,4.43,0.19,-1
2013-01-07,8.9,9.0,8.78,8.79,65900,-0.11,0.22,-1.25,2.56,0.11,-1
2013-01-04,8.87,9.0,8.72,8.99,271100,0.12,0.28,1.33,3.11,0.14,1
2013-01-03,8.71,8.84,8.53,8.69,160400,-0.02,0.31,-0.23,3.57,0.16,1
2013-01-02,8.58,8.75,8.49,8.68,176200,0.1,0.26,1.15,3.0,0.13,1
2012-12-31,8.05,8.51,8.05,8.48,218800,0.43,0.46,5.07,5.42,0.23,1
2012-12-28,8.17,8.33,8.0,8.05,319700,-0.12,0.33,-1.49,4.1,0.17,-1
2012-12-27,8.2,8.51,8.17,8.25,133900,0.05,0.34,0.61,4.12,0.17,1
2012-12-26,8.33,8.42,8.15,8.18,99500,-0.15,0.27,-1.83,3.29,0.13,-1
2012-12-24,8.56,8.64,8.33,8.33,58600,-0.23,0.31,-2.76,3.72,0.16,-1
2012-12-21,8.5,8.62,8.38,8.38,104300,-0.12,0.24,-1.43,2.86,0.12,-1
2012-12-20,8.67,8.79,8.52,8.61,67700,-0.06,0.27,-0.7,3.14,0.13,-1
2012-12-19,8.85,8.85,8.61,8.62,65900,-0.23,0.24,-2.67,2.78,0.12,-1
2012-12-18,8.7,8.84,8.56,8.76,141100,0.06,0.28,0.68,3.2,0.14,1
2012-12-17,8.44,8.63,8.44,8.59,314300,0.15,0.19,1.75,2.21,0.1,1
2012-12-14,8.48,8.64,8.39,8.39,82300,-0.09,0.25,-1.07,2.97,0.12,-1
2012-12-13,8.35,8.62,8.31,8.49,133400,0.14,0.31,1.65,3.65,0.15,1
2012-12-12,8.49,8.65,8.35,8.37,168000,-0.12,0.3,-1.43,3.58,0.15,-1
2012-12-11,8.6,8.68,8.1,8.5,371500,-0.1,0.57,-1.18,6.76,0.29,-1
2012-12-10,8.96,9.02,8.45,8.6,267700,-0.36,0.57,-4.19,6.63,0.29,-1
2012-12-07,9.28,9.28,8.81,8.94,111300,-0.34,0.47,-3.8,5.26,0.23,-1
2012-12-06,9.23,9.37,9.11,9.3,86400,0.07,0.26,0.75,2.75,0.13,-1
2012-12-05,9.15,9.32,9.02,9.32,125200,0.17,0.3,1.82,3.22,0.15,1
2012-12-04,9.39,9.46,9.0,9.14,485700,-0.25,0.46,-2.74,5.09,0.23,-1
2012-12-03,9.03,9.39,9.03,9.33,316200,0.3,0.36,3.22,3.86,0.18,1
2012-11-30,8.99,9.08,8.75,8.9,54700,-0.09,0.33,-1.01,3.71,0.17,1
2012-11-29,9.0,9.11,8.75,8.85,248900,-0.15,0.36,-1.69,4.07,0.18,-1
2012-11-28,8.79,8.93,8.71,8.87,90500,0.08,0.22,0.9,2.48,0.11,1
2012-11-27,9.19,9.19,8.74,8.76,134600,-0.43,0.45,-4.91,5.14,0.22,-1
2012-11-26,9.15,9.24,9.0,9.16,123400,0.01,0.24,0.11,2.62,0.12,1
2012-11-23,9.1,9.14,8.92,9.11,47800,0.01,0.22,0.11,2.45,0.11,1
2012-11-21,8.7,9.0,8.68,8.95,60100,0.25,0.32,2.79,3.58,0.16,1
2012-11-20,8.73,8.88,8.67,8.71,65300,-0.02,0.21,-0.23,2.41,0.11,-1
2012-11-19,8.69,8.96,8.61,8.71,116300,0.02,0.35,0.23,4.02,0.18,1
2012-11-16,8.6,8.8,8.6,8.6,211400,0.0,0.2,0.0,2.33,0.1,1
2012-11-15,8.99,9.09,8.46,8.56,182900,-0.43,0.63,-5.02,7.36,0.31,-1
2012-11-14,9.13,9.25,8.95,8.99,70200,-0.14,0.3,-1.56,3.34,0.15,-1
2012-11-13,8.95,9.23,8.89,9.09,91200,0.14,0.34,1.54,3.74,0.17,1
2012-11-12,9.1,9.1,9.0,9.01,17595,-0.09,0.1,-1.0,1.11,0.05,1
2012-11-09,9.02,9.17,9.0,9.0,7639,-0.02,0.17,-0.22,1.89,0.08,-1
2012-11-08,9.1,9.25,9.0,9.08,51000,-0.02,0.25,-0.22,2.75,0.12,-1
2012-11-07,9.25,9.25,8.99,9.1,31300,-0.15,0.26,-1.65,2.86,0.13,-1
2012-11-06,9.29,9.37,9.05,9.31,186500,0.02,0.32,0.21,3.44,0.16,1
2012-11-05,9.35,9.41,8.99,9.29,115900,-0.06,0.42,-0.65,4.52,0.21,-1
2012-11-02,9.55,9.65,9.26,9.31,60600,-0.24,0.39,-2.58,4.19,0.2,-1
2012-11-01,9.16,9.64,9.16,9.48,119500,0.32,0.48,3.38,5.06,0.24,1
2012-10-31,9.23,9.23,9.16,9.18,54600,-0.05,0.07,-0.54,0.76,0.04,1
2012-10-26,9.4,9.42,9.1,9.16,62900,-0.24,0.32,-2.62,3.49,0.16,-1
2012-10-25,9.22,9.44,9.22,9.4,100100,0.18,0.22,1.91,2.36,0.11,1
2012-10-24,9.19,9.24,9.14,9.2,68400,0.01,0.1,0.11,1.09,0.05,1
2012-10-23,9.25,9.37,9.12,9.18,64500,-0.07,0.25,-0.76,2.72,0.12,-1
2012-10-22,9.23,9.4,9.18,9.27,73100,0.04,0.22,0.43,2.37,0.11,1
2012-10-19,9.2,9.37,9.05,9.16,108200,-0.04,0.32,-0.44,3.49,0.16,-1
2012-10-18,9.42,9.47,9.17,9.26,133800,-0.16,0.3,-1.73,3.24,0.15,-1
2012-10-17,9.53,9.57,9.4,9.45,91100,-0.08,0.17,-0.85,1.8,0.08,-1
2012-10-16,9.33,9.5,9.25,9.49,129400,0.16,0.25,1.69,2.63,0.12,1
2012-10-15,9.32,9.34,9.25,9.29,39500,-0.03,0.09,-0.32,0.97,0.04,1
2012-10-12,9.25,9.36,9.22,9.26,73600,0.01,0.14,0.11,1.51,0.07,-1
2012-10-11,9.26,9.35,9.21,9.29,116200,0.03,0.14,0.32,1.51,0.07,1
2012-10-10,9.09,9.34,9.08,9.23,113100,0.14,0.26,1.52,2.82,0.13,1
2012-10-09,9.47,9.49,8.98,9.09,239800,-0.38,0.51,-4.18,5.61,0.25,-1
2012-10-08,9.5,9.55,9.48,9.52,65800,0.02,0.07,0.21,0.74,0.04,-1
2012-10-05,9.76,9.76,9.49,9.54,132500,-0.22,0.27,-2.31,2.83,0.13,-1
2012-10-04,9.8,9.84,9.62,9.71,68500,-0.09,0.22,-0.93,2.27,0.11,-1
2012-10-03,9.95,9.97,9.71,9.75,65600,-0.2,0.26,-2.05,2.67,0.13,-1
2012-10-02,9.89,10.09,9.88,9.89,70900,0.0,0.21,0.0,2.12,0.1,-1
2012-10-01,10.07,10.1,9.9,9.91,73300,-0.16,0.2,-1.61,2.02,0.1,-1
2012-09-28,10.07,10.23,9.96,10.06,199700,-0.01,0.27,-0.1,2.68,0.13,-1
2012-09-27,10.04,10.28,9.99,10.07,89500,0.03,0.29,0.3,2.88,0.14,1
2012-09-26,9.97,10.32,9.97,10.01,128100,0.04,0.35,0.4,3.5,0.17,1
2012-09-25,10.39,10.41,9.9,9.96,496400,-0.43,0.51,-4.32,5.12,0.25,-1
2012-09-24,10.32,10.48,10.25,10.39,37600,0.07,0.23,0.67,2.21,0.12,1
2012-09-21,10.06,10.47,10.06,10.31,314100,0.25,0.41,2.42,3.98,0.21,1
2012-09-20,10.05,10.1,9.96,10.02,125900,-0.03,0.14,-0.3,1.4,0.07,-1
2012-09-19,10.26,10.29,10.04,10.08,94700,-0.18,0.25,-1.79,2.48,0.12,-1
2012-09-18,10.29,10.42,10.17,10.23,89800,-0.06,0.25,-0.59,2.44,0.12,-1
2012-09-17,10.35,10.48,10.29,10.37,105800,0.02,0.19,0.19,1.83,0.1,-1
2012-09-14,10.47,10.72,10.29,10.37,237100,-0.1,0.43,-0.96,4.15,0.22,-1
2012-09-13,10.32,10.44,10.16,10.43,432700,0.11,0.28,1.05,2.68,0.14,1
2012-09-12,10.28,10.52,10.28,10.34,76600,0.06,0.24,0.58,2.32,0.12,1
2012-09-11,10.16,10.42,10.11,10.24,212100,0.08,0.31,0.78,3.03,0.16,1
2012-09-10,10.14,10.24,10.13,10.13,71600,-0.01,0.11,-0.1,1.09,0.05,-1
2012-09-07,10.05,10.18,10.01,10.13,74100,0.08,0.17,0.79,1.68,0.08,1
2012-09-06,9.9,10.21,9.9,10.04,120200,0.14,0.31,1.39,3.09,0.16,1
2012-09-05,9.75,9.81,9.5,9.8,589700,0.05,0.31,0.51,3.16,0.16,1
2012-09-04,9.72,9.95,9.64,9.72,551200,0.0,0.31,0.0,3.21,0.16,-1
2012-08-31,10.23,10.24,10.0,10.13,115300,-0.1,0.24,-0.99,2.37,0.12,-1
2012-08-30,10.09,10.24,9.98,10.19,71600,0.1,0.26,0.98,2.54,0.13,1
2012-08-29,10.3,10.3,10.08,10.16,51600,-0.14,0.22,-1.38,2.17,0.11,-1
2012-08-28,10.23,10.63,10.09,10.27,161300,0.04,0.54,0.39,5.26,0.27,1
2012-08-27,10.11,10.33,10.07,10.19,111700,0.08,0.26,0.79,2.55,0.13,1
2012-08-24,10.17,10.23,10.11,10.15,42800,-0.02,0.12,-0.2,1.18,0.06,-1
2012-08-23,10.25,10.29,10.0,10.21,539200,-0.04,0.29,-0.39,2.84,0.14,-1
2012-08-22,10.19,10.28,10.09,10.23,58300,0.04,0.19,0.39,1.86,0.09,-1
2012-08-21,10.52,10.58,10.09,10.28,125100,-0.24,0.49,-2.33,4.77,0.25,-1
2012-08-20,10.53,10.58,10.2,10.46,75000,-0.07,0.38,-0.67,3.63,0.19,-1
2012-08-17,10.79,10.79,10.33,10.47,106300,-0.32,0.46,-3.06,4.39,0.23,-1
2012-08-16,10.7,10.8,10.66,10.79,65100,0.09,0.14,0.83,1.3,0.07,1
2012-08-15,10.71,10.78,10.4,10.69,121800,-0.02,0.38,-0.19,3.55,0.19,-1
2012-08-14,10.82,10.89,10.64,10.8,188600,-0.02,0.25,-0.19,2.31,0.12,1
2012-08-13,10.8,10.9,10.6,10.77,163000,-0.03,0.3,-0.28,2.75,0.15,-1
2012-08-10,10.7,10.82,10.51,10.8,74600,0.1,0.31,0.93,2.87,0.15,1
2012-08-09,10.68,10.77,10.61,10.72,97500,0.04,0.16,0.37,1.49,0.08,-1
2012-08-08,10.59,10.9,10.53,10.72,155000,0.13,0.37,1.21,3.45,0.19,1
2012-08-07,10.5,10.73,10.5,10.62,171200,0.12,0.23,1.13,2.17,0.12,1
2012-08-06,10.58,10.71,10.39,10.49,197000,-0.09,0.32,-0.86,3.05,0.16,-1
2012-08-03,10.21,10.55,10.19,10.5,209800,0.29,0.36,2.76,3.43,0.18,1
2012-08-02,10.1,10.2,10.09,10.18,74600,0.08,0.11,0.79,1.08,0.05,1
2012-08-01,10.2,10.2,10.05,10.11,76500,-0.09,0.15,-0.89,1.48,0.07,-1
2012-07-31,10.13,10.18,9.94,10.15,203000,0.02,0.24,0.2,2.36,0.12,-1
2012-07-30,10.12,10.2,10.11,10.16,87800,0.04,0.09,0.39,0.89,0.04,1
2012-07-27,10.13,10.18,10.07,10.1,70500,-0.03,0.11,-0.3,1.09,0.05,1
2012-07-26,10.03,10.21,9.91,10.08,837600,0.05,0.3,0.5,2.98,0.15,1
2012-07-25,9.35,9.94,9.35,9.91,185700,0.56,0.59,5.65,5.95,0.29,1
2012-07-24,9.57,9.66,9.2,9.33,147800,-0.24,0.46,-2.57,4.93,0.23,-1
2012-07-23,9.81,9.81,9.4,9.59,139700,-0.22,0.41,-2.29,4.28,0.21,-1
2012-07-20,10.01,10.15,9.8,9.93,113600,-0.08,0.35,-0.81,3.52,0.17,-1
2012-07-19,10.06,10.16,9.97,10.05,117300,-0.01,0.19,-0.1,1.89,0.09,1
2012-07-18,9.9,10.06,9.9,10.0,134800,0.1,0.16,1.0,1.6,0.08,1
2012-07-17,9.62,10.01,9.61,9.95,58800,0.33,0.4,3.32,4.02,0.2,1
2012-07-16,9.89,9.96,9.49,9.53,96800,-0.36,0.47,-3.78,4.93,0.24,-1
2012-07-13,9.98,10.0,9.83,9.86,78900,-0.12,0.17,-1.22,1.72,0.08,-1
2012-07-12,9.93,10.06,9.76,9.98,144400,0.05,0.3,0.5,3.01,0.15,1
2012-07-11,9.68,10.0,9.68,9.95,194900,0.27,0.32,2.71,3.23,0.16,1
2012-07-10,9.83,9.9,9.5,9.68,82700,-0.15,0.4,-1.55,4.13,0.2,-1
2012-07-09,9.58,9.91,9.54,9.76,181000,0.18,0.37,1.84,3.79,0.19,1
2012-07-06,9.54,9.67,9.5,9.55,75400,0.01,0.17,0.1,1.78,0.08,-1
2012-07-05,9.7,9.7,9.42,9.61,160000,-0.09,0.28,-0.94,2.95,0.14,-1
2012-07-03,9.55,9.77,9.46,9.74,73900,0.19,0.31,1.95,3.18,0.16,1
2012-07-02,9.19,9.56,9.19,9.56,113800,0.37,0.37,3.87,3.87,0.19,1
2012-06-29,9.31,9.33,9.02,9.17,110800,-0.14,0.31,-1.53,3.42,0.16,1
2012-06-28,9.1,9.16,8.98,9.1,95100,0.0,0.18,0.0,1.98,0.09,1
2012-06-27,9.38,9.41,9.05,9.07,154300,-0.31,0.36,-3.42,3.97,0.18,-1
2012-06-26,9.56,9.56,9.36,9.4,93200,-0.16,0.2,-1.7,2.13,0.1,-1
2012-06-25,9.48,9.55,9.46,9.52,102000,0.04,0.09,0.42,0.95,0.04,1
2012-06-22,9.54,9.59,9.47,9.51,80500,-0.03,0.12,-0.32,1.26,0.06,-1
2012-06-21,9.9,9.9,9.5,9.56,76000,-0.34,0.4,-3.56,4.18,0.2,-1
2012-06-20,9.86,9.96,9.81,9.9,110500,0.04,0.15,0.4,1.52,0.08,1
2012-06-19,9.81,9.86,9.68,9.86,134200,0.05,0.18,0.51,1.83,0.09,1
2012-06-18,9.66,9.81,9.64,9.72,145500,0.06,0.17,0.62,1.75,0.08,1
2012-06-15,9.67,9.81,9.57,9.71,143400,0.04,0.24,0.41,2.47,0.12,1
2012-06-14,9.63,9.75,9.41,9.61,282600,-0.02,0.34,-0.21,3.54,0.17,1
2012-06-13,9.48,9.56,9.41,9.53,118900,0.05,0.15,0.52,1.62,0.08,-1
2012-06-12,9.56,9.6,9.41,9.54,121200,-0.02,0.19,-0.21,1.99,0.09,1
2012-06-11,9.6,9.6,9.4,9.51,473300,-0.09,0.2,-0.95,2.1,0.1,1
2012-06-08,9.47,9.55,9.41,9.48,90200,0.01,0.14,0.11,1.48,0.07,-1
2012-06-07,9.59,9.6,9.51,9.52,106200,-0.07,0.09,-0.74,0.95,0.04,1
2012-06-06,9.41,9.51,9.35,9.51,59500,0.1,0.16,1.05,1.68,0.08,1
2012-06-05,9.32,9.52,9.32,9.36,173900,0.04,0.2,0.43,2.14,0.1,-1
2012-06-04,9.27,9.43,9.15,9.38,125400,0.11,0.28,1.17,2.99,0.14,1
2012-06-01,9.35,9.5,9.17,9.27,188300,-0.08,0.33,-0.86,3.56,0.17,-1
2012-05-31,9.66,9.67,9.12,9.5,308200,-0.16,0.55,-1.68,5.79,0.28,-1
2012-05-30,9.34,9.71,9.3,9.71,926000,0.37,0.41,3.81,4.22,0.21,1
2012-05-29,8.98,9.45,8.98,9.4,685100,0.42,0.47,4.47,5.0,0.23,1
2012-05-25,8.79,8.82,8.66,8.79,69800,0.0,0.16,0.0,1.82,0.08,1
2012-05-24,8.9,8.91,8.62,8.75,76600,-0.15,0.29,-1.71,3.31,0.15,-1
2012-05-23,8.77,8.9,8.71,8.87,69000,0.1,0.19,1.13,2.1,0.09,1
2012-05-22,8.75,8.85,8.71,8.84,188700,0.09,0.14,1.02,1.58,0.07,1
2012-05-21,8.82,8.94,8.65,8.77,101800,-0.05,0.29,-0.57,3.31,0.14,-1
2012-05-18,8.84,8.89,8.74,8.77,189000,-0.07,0.15,-0.8,1.65,0.07,-1
2012-05-17,8.78,8.84,8.75,8.8,316700,0.02,0.09,0.23,1.02,0.04,1
2012-05-16,8.9,8.97,8.65,8.76,203600,-0.14,0.32,-1.6,3.65,0.16,-1
2012-05-15,8.75,9.07,8.73,9.07,138000,0.32,0.34,3.53,3.75,0.17,1
2012-05-14,8.78,8.81,8.71,8.75,111100,-0.03,0.1,-0.34,1.14,0.05,-1
2012-05-11,8.91,8.96,8.81,8.87,47000,-0.04,0.15,-0.45,1.69,0.08,-1
2012-05-10,9.0,9.0,8.82,8.96,41100,-0.04,0.18,-0.45,2.01,0.09,1
2012-05-09,8.73,9.04,8.73,8.95,190800,0.22,0.31,2.46,3.46,0.15,1
2012-05-08,8.74,8.83,8.66,8.82,73900,0.08,0.17,0.91,1.93,0.08,1
2012-05-07,8.83,8.91,8.74,8.74,125000,-0.09,0.17,-1.03,1.95,0.08,-1
2012-05-04,8.9,8.9,8.78,8.89,60200,-0.01,0.12,-0.11,1.35,0.06,-1
2012-05-03,8.9,8.97,8.76,8.96,133000,0.06,0.21,0.67,2.34,0.11,1
2012-05-02,8.49,8.99,8.4,8.91,241000,0.42,0.59,4.71,6.62,0.29,1
2012-05-01,8.93,8.98,8.49,8.51,362800,-0.42,0.49,-4.94,5.76,0.25,-1
2012-04-30,8.97,8.99,8.86,8.92,82000,-0.05,0.13,-0.56,1.45,0.06,-1
2012-04-27,8.98,9.01,8.76,8.97,196700,-0.01,0.25,-0.11,2.79,0.12,1
2012-04-26,8.99,9.03,8.91,8.96,77100,-0.03,0.12,-0.33,1.34,0.06,-1
2012-04-25,8.83,9.17,8.81,8.97,173200,0.14,0.36,1.56,4.01,0.18,1
2012-04-24,8.94,8.94,8.7,8.77,173100,-0.17,0.24,-1.94,2.74,0.12,-1
2012-04-23,8.75,8.89,8.6,8.89,133500,0.14,0.29,1.57,3.26,0.15,1
2012-04-20,8.74,9.08,8.73,8.86,155700,0.12,0.35,1.35,3.95,0.17,1
2012-04-19,9.06,9.15,8.61,8.67,421300,-0.39,0.54,-4.5,6.24,0.27,-1
2012-04-18,9.52,9.52,9.0,9.05,444300,-0.47,0.52,-5.19,5.75,0.26,-1
2012-04-17,9.6,9.69,9.39,9.54,314600,-0.06,0.3,-0.63,3.14,0.15,1
2012-04-16,9.98,9.98,9.5,9.53,180600,-0.45,0.48,-4.72,5.04,0.24,-1
2012-04-13,10.04,10.19,9.83,9.94,201800,-0.1,0.36,-1.01,3.62,0.18,-1
2012-04-12,10.0,10.18,9.96,10.04,82700,0.04,0.22,0.4,2.19,0.11,1
2012-04-11,10.07,10.07,9.96,10.0,55900,-0.07,0.11,-0.7,1.1,0.05,1
2012-04-10,10.12,10.23,9.91,9.99,129600,-0.13,0.32,-1.3,3.2,0.16,-1
2012-04-09,10.17,10.3,10.0,10.08,101400,-0.09,0.3,-0.89,2.98,0.15,-1
2012-04-05,10.41,10.42,10.23,10.34,55200,-0.07,0.19,-0.68,1.82,0.09,-1
2012-04-04,10.68,10.75,10.34,10.37,125300,-0.31,0.41,-2.99,3.95,0.21,-1
2012-04-03,10.83,10.85,10.7,10.81,178700,-0.02,0.15,-0.19,1.35,0.07,1
2012-04-02,10.8,10.83,10.55,10.8,182000,0.0,0.28,0.0,2.59,0.14,-1
2012-03-30,10.9,10.9,10.39,10.81,197500,-0.09,0.51,-0.83,4.72,0.25,1
2012-03-29,10.32,10.54,10.12,10.5,182400,0.18,0.42,1.71,4.0,0.21,1
2012-03-28,10.63,10.63,10.36,10.43,127200,-0.2,0.27,-1.92,2.59,0.14,-1
2012-03-27,10.5,10.62,10.42,10.58,181400,0.08,0.2,0.76,1.89,0.1,1
2012-03-26,10.5,10.5,10.36,10.45,128300,-0.05,0.14,-0.48,1.34,0.07,1
2012-03-23,10.53,10.58,10.31,10.37,140800,-0.16,0.27,-1.54,2.6,0.13,-1
2012-03-22,10.68,10.72,10.36,10.57,297500,-0.11,0.36,-1.04,3.42,0.18,-1
2012-03-21,10.63,10.99,10.56,10.8,242700,0.17,0.43,1.57,3.98,0.21,1
2012-03-20,10.64,10.74,10.5,10.53,111000,-0.11,0.24,-1.04,2.28,0.12,-1
2012-03-19,11.09,11.3,10.56,10.69,277500,-0.4,0.74,-3.74,6.92,0.37,-1
2012-03-16,11.04,11.1,10.7,11.05,1959100,0.01,0.4,0.09,3.62,0.2,1
2012-03-15,10.29,10.72,10.18,10.7,548700,0.41,0.54,3.83,5.05,0.27,1
2012-03-14,10.34,10.4,10.08,10.33,465700,-0.01,0.32,-0.1,3.1,0.16,1
2012-03-13,9.69,10.45,9.61,10.3,844900,0.61,0.84,5.92,8.16,0.42,1
2012-03-12,9.16,9.63,9.16,9.6,790300,0.44,0.47,4.58,4.9,0.24,1
2012-03-09,8.69,9.2,8.69,9.14,93800,0.45,0.51,4.92,5.58,0.25,1
2012-03-08,8.68,8.97,8.61,8.73,260300,0.05,0.36,0.57,4.12,0.18,1
2012-03-07,8.67,8.68,8.53,8.6,89800,-0.07,0.15,-0.81,1.74,0.08,-1
2012-03-06,8.78,8.84,8.6,8.65,152200,-0.13,0.24,-1.5,2.77,0.12,-1
2012-03-05,9.0,9.0,8.8,8.88,118200,-0.12,0.2,-1.35,2.25,0.1,-1
2012-03-02,9.03,9.2,8.9,8.97,176600,-0.06,0.3,-0.67,3.34,0.15,-1
2012-03-01,9.17,9.17,9.02,9.06,61000,-0.11,0.15,-1.21,1.66,0.08,-1
2012-02-29,9.22,9.29,9.01,9.09,76900,-0.13,0.28,-1.43,3.08,0.14,-1
2012-02-28,9.34,9.34,9.15,9.2,48100,-0.14,0.19,-1.52,2.07,0.09,-1
2012-02-27,9.24,9.34,9.1,9.3,126900,0.06,0.24,0.65,2.58,0.12,-1
2012-02-24,9.27,9.36,9.25,9.32,106200,0.05,0.11,0.54,1.18,0.05,1
2012-02-23,9.33,9.34,9.2,9.29,139200,-0.04,0.14,-0.43,1.51,0.07,1
2012-02-22,9.52,9.57,9.27,9.28,163700,-0.24,0.3,-2.59,3.23,0.15,-1
2012-02-21,9.67,9.67,9.51,9.52,49400,-0.15,0.16,-1.58,1.68,0.08,-1
2012-02-17,9.75,9.75,9.51,9.6,76900,-0.15,0.24,-1.56,2.5,0.12,-1
2012-02-16,9.6,9.75,9.57,9.72,74400,0.12,0.18,1.23,1.85,0.09,1
2012-02-15,9.84,9.95,9.63,9.64,164500,-0.2,0.32,-2.07,3.29,0.16,-1
2012-02-14,9.62,9.87,9.62,9.76,151400,0.14,0.25,1.43,2.56,0.12,1
2012-02-13,9.4,9.75,9.4,9.68,578600,0.28,0.35,2.89,3.62,0.17,1
2012-02-10,9.26,9.4,9.18,9.36,89200,0.1,0.22,1.07,2.35,0.11,1
2012-02-09,9.28,9.43,9.08,9.35,567400,0.07,0.35,0.75,3.74,0.17,1
2012-02-08,9.4,9.4,9.28,9.31,200100,-0.09,0.12,-0.97,1.29,0.06,-1
2012-02-07,9.09,9.4,9.07,9.37,176800,0.28,0.33,2.99,3.51,0.16,1
2012-02-06,9.36,9.4,8.98,9.07,230400,-0.29,0.42,-3.2,4.63,0.21,-1
2012-02-03,9.37,9.43,9.33,9.4,180500,0.03,0.1,0.32,1.06,0.05,1
2012-02-02,9.28,9.45,9.25,9.34,267500,0.06,0.2,0.64,2.14,0.1,1
2012-02-01,9.24,9.34,9.07,9.26,179400,0.02,0.27,0.22,2.92,0.13,1
2012-01-31,9.21,9.35,9.06,9.17,50687,-0.04,0.29,-0.44,3.16,0.14,-1
2012-01-30,9.25,9.28,9.06,9.18,24403,-0.07,0.22,-0.76,2.4,0.11,-1
2012-01-27,9.4,9.44,9.31,9.37,102900,-0.03,0.13,-0.32,1.39,0.06,-1
2012-01-26,9.35,9.49,9.21,9.4,310900,0.05,0.28,0.53,2.98,0.14,1
2012-01-25,9.27,9.43,9.18,9.33,263000,0.06,0.25,0.64,2.68,0.12,1
2012-01-24,9.26,9.34,8.97,9.3,85100,0.04,0.37,0.43,3.97,0.18,-1
2012-01-23,9.35,9.38,9.08,9.32,188600,-0.03,0.3,-0.32,3.22,0.15,1
2012-01-20,9.19,9.34,9.04,9.31,115700,0.12,0.3,1.29,3.22,0.15,1
2012-01-19,8.97,9.34,8.86,9.17,239200,0.2,0.48,2.18,5.23,0.24,1
2012-01-18,8.53,9.0,8.46,8.94,96300,0.41,0.54,4.59,6.04,0.27,1
2012-01-17,8.54,8.82,8.52,8.52,122300,-0.02,0.3,-0.23,3.52,0.15,1
2012-01-13,8.12,8.47,8.12,8.47,80400,0.35,0.35,4.13,4.13,0.18,1
2012-01-12,8.12,8.46,8.12,8.24,103800,0.12,0.34,1.46,4.13,0.17,-1
2012-01-11,8.37,8.46,8.23,8.31,68100,-0.06,0.23,-0.72,2.77,0.12,-1
2012-01-10,8.09,8.53,8.09,8.39,104400,0.3,0.44,3.58,5.24,0.22,1
2012-01-09,8.16,8.17,8.03,8.03,105000,-0.13,0.14,-1.62,1.74,0.07,-1
2012-01-06,8.26,8.26,8.1,8.13,97900,-0.13,0.16,-1.6,1.97,0.08,-1
2012-01-05,8.23,8.29,8.01,8.19,90100,-0.04,0.28,-0.49,3.41,0.14,-1
2012-01-04,8.74,9.0,8.15,8.23,393600,-0.51,0.85,-6.2,10.33,0.42,-1
2012-01-03,8.43,8.89,8.43,8.77,158900,0.34,0.46,3.88,5.25,0.23,1
2011-12-30,8.02,8.4,7.99,8.27,569000,0.25,0.41,3.02,4.93,0.2,1
2011-12-29,7.93,8.06,7.93,8.01,110800,0.08,0.13,1.0,1.57,0.06,1
2011-12-28,8.09,8.1,7.88,7.91,223800,-0.18,0.22,-2.28,2.77,0.11,-1
2011-12-27,8.21,8.22,8.04,8.04,98400,-0.17,0.18,-2.11,2.19,0.09,-1
2011-12-23,8.01,8.3,8.01,8.18,140900,0.17,0.29,2.08,3.55,0.15,1
2011-12-22,8.04,8.2,7.95,8.0,165600,-0.04,0.25,-0.5,3.12,0.12,-1
2011-12-21,8.2,8.21,7.8,8.01,218900,-0.19,0.41,-2.37,5.12,0.21,-1
2011-12-20,8.2,8.28,8.06,8.21,127500,0.01,0.22,0.12,2.67,0.11,1
2011-12-19,8.4,8.44,8.03,8.03,50800,-0.37,0.41,-4.61,5.04,0.2,-1
2011-12-16,8.48,8.49,8.33,8.34,222100,-0.14,0.16,-1.68,1.92,0.08,-1
2011-12-15,8.42,8.66,8.02,8.37,246600,-0.05,0.64,-0.6,7.65,0.32,1
2011-12-14,8.1,8.2,7.99,8.17,126900,0.07,0.21,0.86,2.56,0.1,1
2011-12-13,8.16,8.52,8.12,8.12,145700,-0.04,0.4,-0.49,4.98,0.2,1
2011-12-12,8.44,8.44,8.02,8.08,277100,-0.36,0.42,-4.46,5.2,0.21,-1
2011-12-09,8.79,8.82,8.25,8.44,119300,-0.35,0.57,-4.15,6.75,0.29,-1
2011-12-08,8.71,8.83,8.63,8.74,50100,0.03,0.2,0.34,2.29,0.1,-1
2011-12-07,8.71,8.86,8.64,8.8,45700,0.09,0.22,1.02,2.5,0.11,-1
2011-12-06,9.1,9.17,8.7,8.81,82000,-0.29,0.47,-3.29,5.33,0.24,-1
2011-12-05,9.59,9.67,9.0,9.08,147100,-0.51,0.67,-5.62,7.38,0.34,-1
2011-12-02,8.81,9.68,8.81,9.53,475800,0.72,0.87,7.56,9.13,0.43,1
2011-12-01,8.53,8.79,8.43,8.71,150000,0.18,0.36,2.07,4.13,0.18,1
2011-11-30,8.04,8.64,7.97,8.53,413500,0.49,0.67,5.74,7.85,0.34,1
2011-11-29,7.74,7.85,7.7,7.82,191600,0.08,0.15,1.02,1.92,0.07,1
2011-11-28,7.63,7.87,7.6,7.77,164800,0.14,0.27,1.8,3.47,0.14,1
2011-11-25,7.9,7.98,7.5,7.54,118400,-0.36,0.48,-4.77,6.37,0.24,-1
2011-11-23,7.92,8.02,7.86,7.95,232900,0.03,0.16,0.38,2.01,0.08,-1
2011-11-22,8.42,8.5,7.98,8.0,347200,-0.42,0.52,-5.25,6.44,0.26,-1
2011-11-21,8.71,8.71,8.36,8.44,116500,-0.27,0.35,-3.2,4.15,0.18,-1
2011-11-18,8.56,8.88,8.51,8.77,125700,0.21,0.37,2.39,4.22,0.18,1
2011-11-17,8.7,8.74,8.28,8.46,302800,-0.24,0.46,-2.84,5.44,0.23,-1
2011-11-16,8.75,9.08,8.65,8.72,116100,-0.03,0.43,-0.34,4.93,0.21,-1
2011-11-15,8.87,8.95,8.8,8.82,43900,-0.05,0.15,-0.57,1.7,0.07,-1
2011-11-14,8.77,9.08,8.74,8.92,122500,0.15,0.34,1.69,3.81,0.17,1
2011-11-11,8.7,8.8,8.59,8.74,105700,0.04,0.21,0.46,2.4,0.11,1
2011-11-10,8.43,8.66,8.43,8.61,208600,0.18,0.23,2.09,2.67,0.12,1
2011-11-09,8.66,8.75,8.26,8.33,189600,-0.33,0.49,-3.96,5.88,0.25,-1
2011-11-08,9.0,9.02,8.89,8.9,89100,-0.1,0.13,-1.12,1.46,0.06,-1
2011-11-07,9.0,9.26,8.9,9.0,99000,0.0,0.36,0.0,4.0,0.18,-1
2011-11-04,9.17,9.2,9.0,9.06,81600,-0.11,0.2,-1.21,2.21,0.1,-1
2011-11-03,9.2,9.2,9.1,9.2,123600,0.0,0.1,0.0,1.09,0.05,1
2011-11-02,9.46,9.46,9.05,9.16,108500,-0.3,0.41,-3.28,4.48,0.21,-1
2011-11-01,9.5,9.61,9.2,9.35,93000,-0.15,0.41,-1.6,4.37,0.2,-1
2011-10-31,9.58,9.83,9.48,9.72,120500,0.14,0.35,1.44,3.6,0.17,1
2011-10-28,9.33,9.65,9.33,9.64,101200,0.31,0.32,3.22,3.32,0.16,1
2011-10-27,9.63,9.65,9.31,9.39,98600,-0.24,0.34,-2.56,3.61,0.17,-1
2011-10-26,9.53,9.7,9.18,9.42,116800,-0.11,0.52,-1.17,5.52,0.26,-1
2011-10-25,9.34,9.52,9.15,9.42,130000,0.08,0.37,0.85,3.9,0.18,1
2011-10-24,9.2,9.53,9.19,9.33,117400,0.13,0.34,1.39,3.64,0.17,1
2011-10-21,9.1,9.24,8.98,9.16,71000,0.06,0.26,0.66,2.89,0.13,1
2011-10-20,9.04,9.12,8.75,8.99,111500,-0.05,0.37,-0.56,4.12,0.18,-1
2011-10-19,8.81,9.13,8.79,9.13,159900,0.32,0.34,3.5,3.72,0.17,1
2011-10-18,8.44,8.95,8.4,8.81,102600,0.37,0.55,4.2,6.24,0.27,1
2011-10-17,8.65,8.65,8.43,8.46,81800,-0.19,0.22,-2.25,2.6,0.11,-1
2011-10-14,8.47,8.87,8.47,8.67,190200,0.2,0.4,2.31,4.61,0.2,1
2011-10-13,8.45,8.48,8.2,8.38,161300,-0.07,0.28,-0.84,3.34,0.14,-1
2011-10-12,7.9,8.66,7.9,8.52,305900,0.62,0.76,7.28,8.92,0.38,1
2011-10-11,7.8,7.83,7.55,7.81,216700,0.01,0.28,0.13,3.59,0.14,1
2011-10-10,7.63,7.93,7.58,7.78,249500,0.15,0.35,1.93,4.5,0.17,1
2011-10-07,7.73,7.83,7.44,7.44,183300,-0.29,0.39,-3.9,5.24,0.19,-1
2011-10-06,7.49,7.8,7.42,7.73,298000,0.24,0.38,3.1,4.92,0.19,1
2011-10-05,7.78,7.91,7.3,7.42,489700,-0.36,0.61,-4.85,8.22,0.31,-1
2011-10-04,8.2,8.29,7.16,7.73,594500,-0.47,1.13,-6.08,14.62,0.56,-1
2011-10-03,8.55,8.63,8.14,8.29,248500,-0.26,0.49,-3.14,5.87,0.24,-1
2011-09-30,8.5,8.73,8.32,8.62,291800,0.12,0.41,1.39,4.76,0.21,-1
2011-09-29,8.59,8.89,8.54,8.85,151900,0.26,0.35,2.94,3.95,0.18,1
2011-09-28,8.89,8.89,8.52,8.72,128800,-0.17,0.37,-1.95,4.24,0.19,-1
2011-09-27,8.84,9.03,8.78,8.8,227300,-0.04,0.25,-0.45,2.84,0.12,1
2011-09-26,9.12,9.15,8.21,8.64,420600,-0.48,0.94,-5.56,10.87,0.47,-1
2011-09-23,8.8,9.18,8.21,9.15,545400,0.35,0.97,3.83,10.6,0.48,1
2011-09-22,9.07,9.1,8.62,8.79,382800,-0.28,0.48,-3.19,5.46,0.24,-1
2011-09-21,9.61,9.8,9.05,9.25,244800,-0.36,0.75,-3.89,8.11,0.38,-1
2011-09-20,10.16,10.19,9.51,9.68,187800,-0.48,0.68,-4.96,7.02,0.34,-1
2011-09-19,10.04,10.13,10.0,10.11,124000,0.07,0.13,0.69,1.29,0.07,-1
2011-09-16,10.45,10.45,10.19,10.2,75700,-0.25,0.26,-2.45,2.55,0.13,-1
2011-09-15,10.5,10.52,10.3,10.39,66800,-0.11,0.22,-1.06,2.12,0.11,-1
2011-09-14,10.52,10.56,10.44,10.5,100000,-0.02,0.12,-0.19,1.14,0.06,-1
2011-09-13,10.67,10.67,10.37,10.52,73500,-0.15,0.3,-1.43,2.83,0.15,-1
2011-09-12,10.68,10.82,10.36,10.55,85100,-0.13,0.46,-1.23,4.34,0.23,-1
2011-09-09,11.09,11.13,10.84,10.9,101800,-0.19,0.29,-1.74,2.66,0.15,-1
2011-09-08,11.05,11.37,11.0,11.21,187100,0.16,0.37,1.43,3.3,0.18,1
2011-09-07,10.85,11.12,10.8,11.12,169000,0.27,0.32,2.43,2.88,0.16,1
2011-09-06,10.5,10.78,10.4,10.69,89300,0.19,0.38,1.78,3.55,0.19,-1
2011-09-02,10.85,10.93,10.59,10.78,76000,-0.07,0.34,-0.65,3.14,0.17,-1
2011-09-01,10.8,11.02,10.71,10.92,212300,0.12,0.31,1.1,2.84,0.15,1
2011-08-31,10.65,10.82,10.51,10.62,106600,-0.03,0.31,-0.28,2.96,0.16,1
2011-08-30,10.78,10.87,10.51,10.56,55900,-0.22,0.36,-2.08,3.41,0.18,-1
2011-08-29,10.53,10.89,10.53,10.79,160900,0.26,0.36,2.41,3.34,0.18,1
2011-08-26,10.28,10.54,10.15,10.32,101300,0.04,0.39,0.39,3.78,0.19,1
2011-08-25,10.17,10.35,10.08,10.18,165000,0.01,0.27,0.1,2.65,0.13,1
2011-08-24,10.23,10.28,9.91,10.1,84000,-0.13,0.37,-1.29,3.66,0.18,-1
2011-08-23,10.07,10.22,10.02,10.22,84900,0.15,0.2,1.47,1.96,0.1,1
2011-08-22,10.04,10.22,10.04,10.07,88200,0.03,0.18,0.3,1.79,0.09,1
2011-08-19,10.11,10.21,9.8,10.0,195800,-0.11,0.41,-1.1,4.1,0.21,-1
2011-08-18,10.41,10.44,10.1,10.15,116300,-0.26,0.34,-2.56,3.35,0.17,-1
2011-08-17,10.4,10.7,10.1,10.61,209400,0.21,0.6,1.98,5.66,0.3,1
2011-08-16,10.23,10.25,10.1,10.12,96900,-0.11,0.15,-1.09,1.48,0.08,1
2011-08-15,10.25,10.33,10.04,10.1,95200,-0.15,0.29,-1.49,2.87,0.15,-1
2011-08-12,10.2,10.28,9.89,10.21,209100,0.01,0.39,0.1,3.82,0.19,1
2011-08-11,10.15,10.39,10.0,10.14,191200,-0.01,0.39,-0.1,3.85,0.2,1
2011-08-10,9.02,10.53,8.77,9.94,332600,0.92,1.76,9.26,17.71,0.88,1
2011-08-09,9.49,9.61,9.06,9.17,441000,-0.32,0.55,-3.49,6.0,0.27,-1
2011-08-08,9.63,9.77,9.29,9.59,280400,-0.04,0.48,-0.42,5.01,0.24,-1
2011-08-05,10.34,10.56,9.65,9.74,410200,-0.6,0.91,-6.16,9.34,0.46,-1
2011-08-04,10.78,10.81,10.11,10.14,288000,-0.64,0.7,-6.31,6.9,0.35,-1
2011-08-03,11.1,11.16,10.83,10.83,187100,-0.27,0.33,-2.49,3.05,0.17,-1
2011-08-02,11.18,11.29,11.0,11.04,254900,-0.14,0.29,-1.27,2.63,0.14,-1
2011-08-01,11.48,11.55,11.16,11.31,102600,-0.17,0.39,-1.5,3.45,0.2,-1
2011-07-29,11.21,11.43,11.11,11.35,94400,0.14,0.32,1.23,2.82,0.16,1
2011-07-28,11.39,11.55,11.26,11.27,106400,-0.12,0.29,-1.06,2.57,0.15,-1
2011-07-27,11.66,11.78,11.24,11.42,148700,-0.24,0.54,-2.1,4.73,0.27,-1
2011-07-26,11.88,11.88,11.67,11.75,129800,-0.13,0.21,-1.11,1.79,0.11,-1
2011-07-25,11.48,12.09,11.42,11.97,225400,0.49,0.67,4.09,5.6,0.34,1
2011-07-22,11.46,11.6,11.41,11.55,59300,0.09,0.19,0.78,1.65,0.09,1
2011-07-21,11.44,11.54,11.26,11.43,260800,-0.01,0.28,-0.09,2.45,0.14,1
2011-07-20,11.56,11.57,11.26,11.37,217900,-0.19,0.31,-1.67,2.73,0.16,-1
2011-07-19,11.54,11.73,11.35,11.51,283300,-0.03,0.38,-0.26,3.3,0.19,1
2011-07-18,11.34,11.43,11.33,11.42,222900,0.08,0.1,0.7,0.88,0.05,1
2011-07-15,11.44,11.5,11.37,11.4,136000,-0.04,0.13,-0.35,1.14,0.07,1
2011-07-14,11.3,11.41,11.2,11.37,112300,0.07,0.21,0.62,1.85,0.11,1
2011-07-13,11.13,11.44,11.13,11.3,160600,0.17,0.31,1.5,2.74,0.15,1
2011-07-12,11.13,11.25,11.05,11.13,36867,0.0,0.2,0.0,1.8,0.1,-1
2011-07-11,11.14,11.23,11.05,11.13,76501,-0.01,0.18,-0.09,1.62,0.09,-1
2011-07-08,11.4,11.55,11.15,11.19,342800,-0.21,0.4,-1.88,3.58,0.2,-1
2011-07-07,11.48,11.62,11.4,11.45,239800,-0.03,0.22,-0.26,1.92,0.11,1
2011-07-06,11.41,11.65,11.3,11.4,99500,-0.01,0.35,-0.09,3.07,0.17,1
2011-07-05,11.62,11.79,11.27,11.37,221900,-0.25,0.52,-2.2,4.57,0.26,-1
2011-07-01,11.2,11.68,11.17,11.54,376700,0.34,0.51,2.95,4.42,0.25,1
2011-06-30,11.39,11.44,11.05,11.16,389000,-0.23,0.39,-2.06,3.49,0.19,-1
2011-06-29,11.63,11.75,11.29,11.33,232100,-0.3,0.46,-2.65,4.06,0.23,-1
2011-06-28,11.51,11.69,11.43,11.52,199600,0.01,0.26,0.09,2.26,0.13,1
2011-06-27,11.66,11.8,11.45,11.49,158900,-0.17,0.35,-1.48,3.05,0.18,-1
2011-06-24,12.08,12.08,11.59,11.75,162900,-0.33,0.49,-2.81,4.17,0.25,-1
2011-06-23,11.99,12.08,11.85,12.01,127900,0.02,0.23,0.17,1.92,0.12,-1
2011-06-22,12.21,12.21,12.02,12.05,119900,-0.16,0.19,-1.33,1.58,0.1,-1
2011-06-21,12.18,12.4,12.1,12.21,302000,0.03,0.3,0.25,2.46,0.15,1
2011-06-20,12.34,12.47,12.03,12.16,56900,-0.18,0.44,-1.48,3.62,0.22,-1
2011-06-17,11.76,12.38,11.57,12.3,288000,0.54,0.81,4.39,6.59,0.41,1
2011-06-16,12.0,12.14,11.51,11.69,265900,-0.31,0.63,-2.65,5.39,0.32,-1
2011-06-15,12.24,12.32,12.0,12.08,142400,-0.16,0.32,-1.32,2.65,0.16,-1
2011-06-14,12.31,12.35,12.1,12.3,114100,-0.01,0.25,-0.08,2.03,0.12,1
2011-06-13,12.08,12.28,11.96,12.1,151000,0.02,0.32,0.17,2.64,0.16,1
2011-06-10,12.38,12.39,11.75,12.02,290800,-0.36,0.64,-3.0,5.32,0.32,-1
2011-06-09,12.4,12.43,12.18,12.36,160500,-0.04,0.25,-0.32,2.02,0.12,-1
2011-06-08,12.7,12.74,12.03,12.36,278500,-0.34,0.71,-2.75,5.74,0.36,-1
2011-06-07,12.86,12.86,12.56,12.68,275400,-0.18,0.3,-1.42,2.37,0.15,-1
2011-06-06,12.8,13.1,12.68,12.7,558400,-0.1,0.42,-0.79,3.31,0.21,1
2011-06-03,12.31,12.72,12.3,12.66,240500,0.35,0.42,2.76,3.32,0.21,1
2011-06-02,12.39,12.49,12.13,12.38,216400,-0.01,0.36,-0.08,2.91,0.18,1
2011-06-01,12.6,12.7,12.08,12.22,292200,-0.38,0.62,-3.11,5.07,0.31,-1
2011-05-31,12.4,12.74,12.04,12.62,311600,0.22,0.7,1.74,5.54,0.35,1
2011-05-27,11.69,11.99,11.6,11.72,146900,0.03,0.39,0.26,3.33,0.2,1
2011-05-26,11.63,11.8,11.53,11.61,210000,-0.02,0.27,-0.17,2.33,0.14,-1
2011-05-25,11.21,11.7,11.12,11.61,678700,0.4,0.58,3.45,5.0,0.29,1
2011-05-24,11.23,11.29,11.12,11.15,231200,-0.08,0.17,-0.72,1.52,0.08,-1
2011-05-23,11.34,11.34,11.07,11.16,148700,-0.18,0.27,-1.61,2.41,0.13,-1
2011-05-20,11.17,11.3,11.17,11.25,180800,0.08,0.13,0.71,1.16,0.07,1
2011-05-19,11.56,11.6,11.15,11.2,171800,-0.36,0.45,-3.21,4.02,0.22,-1
2011-05-18,11.31,11.5,11.23,11.46,164700,0.15,0.27,1.31,2.36,0.13,1
2011-05-17,11.05,11.59,11.05,11.23,183500,0.18,0.54,1.6,4.8,0.27,1
2011-05-16,10.73,11.04,10.7,11.03,209100,0.3,0.34,2.72,3.08,0.17,1
2011-05-13,10.9,10.98,10.75,10.91,119300,0.01,0.23,0.09,2.12,0.12,-1
2011-05-12,10.27,10.93,10.26,10.93,344000,0.66,0.67,6.04,6.13,0.34,1
2011-05-11,11.25,11.25,10.09,10.27,733400,-0.98,1.16,-9.54,11.3,0.58,-1
2011-05-10,11.25,11.33,11.0,11.16,249700,-0.09,0.33,-0.81,2.95,0.16,-1
2011-05-09,11.25,11.33,11.18,11.24,97000,-0.01,0.15,-0.09,1.34,0.08,-1
2011-05-06,11.39,11.65,11.25,11.25,213100,-0.14,0.4,-1.24,3.56,0.2,-1
2011-05-05,11.57,11.63,11.26,11.36,163700,-0.21,0.37,-1.85,3.26,0.19,-1
2011-05-04,12.03,12.03,11.25,11.66,349700,-0.37,0.78,-3.17,6.69,0.39,-1
2011-05-03,12.29,12.29,11.81,12.0,209000,-0.29,0.48,-2.42,4.0,0.24,-1
2011-05-02,12.39,12.46,12.2,12.31,104000,-0.08,0.26,-0.65,2.11,0.13,-1
2011-04-29,12.47,12.57,12.25,12.34,87000,-0.13,0.32,-1.05,2.59,0.16,-1
2011-04-28,12.55,12.64,12.4,12.48,79200,-0.07,0.24,-0.56,1.92,0.12,-1
2011-04-27,12.87,12.93,12.5,12.63,53500,-0.24,0.43,-1.9,3.4,0.21,-1
2011-04-26,12.75,12.92,12.65,12.8,35500,0.05,0.27,0.39,2.11,0.13,1
2011-04-25,12.73,12.82,12.65,12.7,81600,-0.03,0.17,-0.24,1.34,0.08,-1
2011-04-21,12.7,12.76,12.68,12.76,85300,0.06,0.08,0.47,0.63,0.04,1
2011-04-20,12.55,12.66,12.4,12.66,360600,0.11,0.26,0.87,2.05,0.13,1
2011-04-19,12.52,12.7,12.43,12.47,174000,-0.05,0.27,-0.4,2.17,0.13,-1
2011-04-18,12.26,12.5,12.25,12.5,69100,0.24,0.25,1.92,1.99,0.12,1
2011-04-15,12.75,12.8,12.35,12.37,120500,-0.38,0.45,-3.07,3.64,0.23,-1
2011-04-14,12.62,12.76,12.46,12.71,58300,0.09,0.3,0.71,2.36,0.15,-1
2011-04-13,12.42,12.77,12.42,12.71,102200,0.29,0.35,2.28,2.75,0.17,1
2011-04-12,12.96,12.98,12.22,12.35,249400,-0.61,0.76,-4.94,6.15,0.38,-1
2011-04-11,12.8,13.09,12.61,12.98,120100,0.18,0.48,1.39,3.68,0.24,1
2011-04-08,12.81,12.81,12.59,12.7,157000,-0.11,0.22,-0.87,1.73,0.11,-1
2011-04-07,12.96,13.04,12.68,12.7,203900,-0.26,0.36,-2.05,2.83,0.18,-1
2011-04-06,13.33,13.37,12.71,13.0,244300,-0.33,0.66,-2.54,5.1,0.33,-1
2011-04-05,13.38,13.5,13.0,13.31,239100,-0.07,0.5,-0.53,3.76,0.25,-1
2011-04-04,13.75,13.75,13.25,13.45,138000,-0.3,0.5,-2.23,3.72,0.25,-1
2011-04-01,13.5,13.91,13.35,13.47,764200,-0.03,0.56,-0.22,4.16,0.28,-1
2011-03-31,13.0,13.49,12.93,13.48,333900,0.48,0.56,3.56,4.15,0.28,1
2011-03-30,12.75,13.0,12.67,13.0,75300,0.25,0.33,1.92,2.5,0.16,1
2011-03-29,12.7,12.96,12.65,12.65,97300,-0.05,0.31,-0.4,2.45,0.16,-1
2011-03-28,12.86,12.92,12.68,12.72,155200,-0.14,0.24,-1.1,1.89,0.12,-1
2011-03-25,12.73,12.75,12.54,12.73,53600,0.0,0.21,0.0,1.65,0.11,1
2011-03-24,12.82,12.82,12.4,12.64,490300,-0.18,0.42,-1.42,3.32,0.21,-1
2011-03-23,12.84,12.85,12.61,12.74,112800,-0.1,0.24,-0.78,1.88,0.12,-1
2011-03-22,12.98,12.98,12.79,12.79,119900,-0.19,0.19,-1.49,1.49,0.1,-1
2011-03-21,12.97,13.03,12.8,12.97,175400,0.0,0.23,0.0,1.77,0.11,1
2011-03-18,12.72,12.95,12.51,12.74,75700,0.02,0.44,0.16,3.45,0.22,1
2011-03-17,12.55,12.7,12.3,12.59,237600,0.04,0.4,0.32,3.18,0.2,1
2011-03-16,12.36,12.82,12.25,12.41,198100,0.05,0.57,0.4,4.63,0.29,1
2011-03-15,12.08,12.48,12.02,12.36,260500,0.28,0.46,2.27,3.72,0.23,-1
2011-03-14,13.15,13.15,12.44,12.53,144100,-0.62,0.71,-4.95,5.67,0.36,-1
2011-03-11,12.89,13.18,12.7,13.17,544300,0.28,0.48,2.13,3.64,0.24,1
2011-03-10,12.61,12.86,12.31,12.71,209700,0.1,0.55,0.79,4.33,0.27,-1
2011-03-09,12.9,13.1,12.59,12.76,152300,-0.14,0.51,-1.1,4.0,0.25,-1
2011-03-08,12.94,12.95,12.61,12.83,44100,-0.11,0.34,-0.86,2.65,0.17,-1
2011-03-07,13.22,13.22,12.5,12.95,109600,-0.27,0.72,-2.08,5.56,0.36,-1
2011-03-04,13.06,13.25,12.9,13.16,194900,0.1,0.35,0.76,2.66,0.17,-1
2011-03-03,12.56,13.34,12.5,13.19,459000,0.63,0.84,4.78,6.37,0.42,1
2011-03-02,12.39,12.6,12.2,12.48,119800,0.09,0.4,0.72,3.21,0.2,1
2011-03-01,12.38,12.58,12.15,12.38,217300,0.0,0.43,0.0,3.47,0.21,1
2011-02-28,12.07,12.19,11.95,12.18,241700,0.11,0.24,0.9,1.97,0.12,1
2011-02-25,12.0,12.2,11.91,12.0,222700,0.0,0.29,0.0,2.42,0.14,1
2011-02-24,12.21,12.49,11.85,11.99,351600,-0.22,0.64,-1.83,5.33,0.32,-1
2011-02-23,12.41,12.74,12.05,12.25,356000,-0.16,0.69,-1.31,5.63,0.34,-1
2011-02-22,12.82,12.9,12.35,12.44,306300,-0.38,0.55,-3.05,4.42,0.28,-1
2011-02-18,13.02,13.05,12.75,12.86,248300,-0.16,0.3,-1.24,2.33,0.15,1
2011-02-17,12.72,13.1,12.55,12.85,161600,0.13,0.55,1.01,4.28,0.27,1
2011-02-16,12.6,12.84,12.5,12.72,205300,0.12,0.34,0.94,2.67,0.17,1
2011-02-15,12.58,12.69,12.32,12.5,502400,-0.08,0.37,-0.64,2.96,0.18,1
2011-02-14,12.61,12.75,12.02,12.42,443900,-0.19,0.73,-1.53,5.87,0.36,-1
2011-02-11,12.98,12.99,12.51,12.62,264000,-0.36,0.48,-2.85,3.79,0.24,-1
2011-02-10,12.99,13.1,12.78,12.8,242800,-0.19,0.32,-1.48,2.5,0.16,-1
2011-02-09,13.35,13.5,12.85,12.9,351400,-0.45,0.65,-3.49,5.04,0.33,-1
2011-02-08,13.06,13.4,12.81,13.02,408100,-0.04,0.59,-0.31,4.53,0.29,-1
2011-02-07,13.5,13.82,13.1,13.1,501700,-0.4,0.72,-3.05,5.5,0.36,-1
2011-02-04,13.13,13.55,13.1,13.5,415300,0.37,0.45,2.74,3.33,0.23,1
2011-02-03,12.78,13.68,12.65,12.97,979000,0.19,1.03,1.46,7.94,0.51,1
2011-02-02,13.01,13.24,12.78,12.85,887400,-0.16,0.46,-1.25,3.58,0.23,-1
2011-02-01,13.35,13.5,12.69,13.0,2648800,-0.35,0.81,-2.69,6.23,0.41,1
2011-01-31,12.6,12.65,11.95,12.6,2398100,0.0,0.7,0.0,5.56,0.35,1
2011-01-28,10.75,12.11,10.75,12.0,8782300,1.25,1.36,10.42,11.33,0.68,-1
