Date,Open,High,Low,Close,Volume,Change,Delta,Change_Ratio,Delta_Ratio,Variance,momentum
2023-08-31,2.85,3.14,2.8,2.97,51231,0.12,0.34,4.04,11.45,0.17,1
2023-08-30,2.77,2.95,2.7,2.87,36045,0.1,0.25,3.48,8.71,0.12,1
2023-08-29,2.72,2.79,2.71,2.75,26052,0.03,0.08,1.09,2.91,0.04,1
2023-08-28,2.68,2.81,2.65,2.71,37104,0.03,0.16,1.11,5.9,0.08,1
2023-08-25,2.68,2.82,2.62,2.68,39517,0.0,0.2,0.0,7.45,0.1,-1
2023-08-24,2.91,2.95,2.61,2.7,60749,-0.21,0.34,-7.78,12.59,0.17,-1
2023-08-23,2.96,3.16,2.83,2.94,141047,-0.02,0.33,-0.68,11.22,0.17,-1
2023-08-22,3.05,3.12,2.94,2.96,34558,-0.09,0.18,-3.21,6.09,0.09,-1
2023-08-21,3.03,3.19,3.01,3.06,50346,0.03,0.18,0.98,5.88,0.09,-1
2023-08-18,2.98,3.09,2.9,3.07,37867,0.09,0.19,2.93,6.19,0.09,1
2023-08-17,3.12,3.13,2.97,3.01,80509,-0.11,0.16,-3.65,5.32,0.08,-1
2023-08-16,3.14,3.17,3.0,3.12,66447,-0.02,0.17,-0.64,5.43,0.08,-1
2023-08-15,3.15,3.41,3.02,3.14,67534,-0.01,0.39,-0.32,12.42,0.2,-1
2023-08-14,3.44,3.44,3.14,3.17,100189,-0.27,0.3,-8.52,9.46,0.15,-1
2023-08-11,3.52,3.64,3.4,3.46,41908,-0.06,0.24,-1.73,6.94,0.12,-1
2023-08-10,3.57,3.65,3.46,3.53,37865,-0.04,0.19,-1.13,5.38,0.09,1
2023-08-09,3.68,3.68,3.39,3.47,82993,-0.21,0.29,-6.05,8.3,0.14,-1
2023-08-08,3.75,3.8,3.63,3.69,47362,-0.06,0.17,-1.63,4.61,0.08,-1
2023-08-07,3.82,3.9,3.65,3.76,46302,-0.06,0.25,-1.6,6.65,0.12,-1
2023-08-04,3.81,3.9,3.76,3.82,42998,0.01,0.14,0.26,3.66,0.07,-1
2023-08-03,3.83,3.9,3.75,3.85,38103,0.02,0.15,0.52,3.9,0.07,-1
2023-08-02,3.94,3.94,3.73,3.85,50396,-0.09,0.21,-2.34,5.45,0.1,-1
2023-08-01,3.83,3.95,3.75,3.94,65048,0.11,0.2,2.79,5.05,0.1,1
2023-07-31,3.84,3.94,3.8,3.83,80550,-0.01,0.14,-0.26,3.66,0.07,1
2023-07-28,3.71,3.84,3.66,3.81,55286,0.1,0.18,2.62,4.72,0.09,1
2023-07-27,3.63,3.77,3.62,3.68,80601,0.05,0.15,1.36,4.08,0.07,1
2023-07-26,3.54,3.75,3.54,3.66,50897,0.12,0.21,3.28,5.74,0.1,1
2023-07-25,3.79,3.84,3.55,3.58,83354,-0.21,0.29,-5.87,8.1,0.15,-1
2023-07-24,3.84,3.89,3.67,3.83,106371,-0.01,0.22,-0.26,5.74,0.11,-1
2023-07-21,3.89,3.98,3.8,3.84,72585,-0.05,0.18,-1.3,4.69,0.09,-1
2023-07-20,4.04,4.05,3.81,3.87,59408,-0.17,0.24,-4.39,6.2,0.12,-1
2023-07-19,4.02,4.1,3.92,4.06,86251,0.04,0.18,0.99,4.5,0.09,1
2023-07-18,4.0,4.09,3.94,4.0,66672,0.0,0.15,0.0,3.75,0.07,-1
2023-07-17,4.01,4.09,3.98,4.02,49744,0.01,0.11,0.25,2.74,0.05,1
2023-07-14,4.14,4.14,3.87,4.0,56893,-0.14,0.27,-3.5,6.72,0.13,-1
2023-07-13,4.09,4.22,3.99,4.03,94933,-0.06,0.23,-1.49,5.74,0.12,-1
2023-07-12,3.96,4.14,3.86,4.09,122066,0.13,0.28,3.12,6.8,0.14,1
2023-07-11,3.94,4.12,3.85,3.93,90723,-0.01,0.27,-0.25,6.87,0.13,-1
2023-07-10,3.88,3.98,3.76,3.93,65703,0.05,0.22,1.27,5.6,0.11,1
2023-07-07,3.88,3.99,3.77,3.89,56270,0.01,0.22,0.26,5.66,0.11,1
2023-07-06,3.9,3.93,3.72,3.88,65163,-0.02,0.21,-0.52,5.41,0.1,-1
2023-07-05,3.72,3.96,3.7,3.94,98777,0.22,0.26,5.58,6.6,0.13,1
2023-07-03,3.87,3.89,3.8,3.81,29971,-0.06,0.09,-1.57,2.36,0.05,-1
2023-06-30,3.9,3.93,3.77,3.85,87437,-0.05,0.16,-1.3,4.28,0.08,-1
2023-06-29,3.78,3.94,3.71,3.9,95448,0.12,0.23,3.08,5.93,0.12,1
2023-06-28,3.55,3.84,3.5,3.76,159896,0.21,0.34,5.59,9.04,0.17,1
2023-06-27,3.64,3.69,3.5,3.55,57434,-0.09,0.19,-2.54,5.35,0.09,-1
2023-06-26,3.8,3.87,3.59,3.62,88150,-0.18,0.28,-4.97,7.73,0.14,-1
2023-06-23,3.82,3.9,3.76,3.81,69063,-0.01,0.14,-0.26,3.77,0.07,-1
2023-06-22,3.85,3.96,3.8,3.9,117467,0.05,0.16,1.28,4.1,0.08,1
2023-06-21,4.07,4.08,3.77,3.83,148867,-0.24,0.31,-6.27,8.09,0.16,-1
2023-06-20,4.23,4.35,4.05,4.07,174957,-0.16,0.3,-3.93,7.37,0.15,-1
2023-06-16,4.31,4.4,4.22,4.29,165842,-0.02,0.18,-0.47,4.2,0.09,1
2023-06-15,4.62,4.69,4.13,4.28,324632,-0.34,0.56,-7.94,13.13,0.28,-1
2023-06-14,5.08,5.1,4.6,4.7,385487,-0.38,0.5,-8.2,10.55,0.25,-1
2023-06-13,5.0,5.31,4.89,5.09,697511,0.09,0.42,1.77,8.25,0.21,-1
2023-06-12,6.29,6.29,5.55,6.23,382502,-0.06,0.74,-0.96,11.88,0.37,1
2023-06-09,5.41,6.7,5.3,5.98,895515,0.57,1.4,9.53,23.41,0.7,1
2023-06-08,5.14,5.45,4.83,5.29,314864,0.15,0.62,2.84,11.72,0.31,1
2023-06-07,4.54,5.17,4.46,5.1,449717,0.56,0.71,10.98,13.92,0.36,1
2023-06-06,4.17,4.6,4.15,4.58,89031,0.41,0.45,8.95,9.78,0.22,1
2023-06-05,4.4,4.5,4.18,4.26,71795,-0.14,0.32,-3.29,7.59,0.16,-1
2023-06-02,4.48,4.78,4.41,4.49,124201,0.01,0.37,0.22,8.2,0.18,1
2023-06-01,4.46,4.5,4.29,4.42,68376,-0.04,0.21,-0.9,4.75,0.1,-1
2023-05-31,4.5,4.59,4.35,4.48,100552,-0.02,0.24,-0.45,5.36,0.12,-1
2023-05-30,4.48,4.74,4.2,4.58,186605,0.1,0.54,2.18,11.9,0.27,1
2023-05-26,4.55,4.62,3.9,4.26,313357,-0.29,0.72,-6.81,16.79,0.36,-1
2023-05-25,4.93,5.15,4.32,4.46,374071,-0.47,0.83,-10.54,18.61,0.41,-1
2023-05-24,4.09,4.85,4.05,4.7,416645,0.61,0.8,12.98,17.02,0.4,1
2023-05-23,4.87,4.98,3.89,3.97,445296,-0.9,1.09,-22.67,27.45,0.54,-1
2023-05-22,3.74,5.1,3.65,4.85,1538865,1.11,1.45,22.89,29.9,0.72,1
2023-05-19,3.5,3.75,3.35,3.7,155216,0.2,0.4,5.41,10.81,0.2,1
2023-05-18,3.28,3.42,3.25,3.35,52764,0.07,0.17,2.09,5.07,0.08,1
2023-05-17,3.42,3.46,3.1,3.32,123726,-0.1,0.36,-3.01,10.8,0.18,-1
2023-05-16,3.27,3.69,3.06,3.43,237915,0.16,0.63,4.66,18.37,0.31,1
2023-05-15,3.66,3.74,3.31,3.35,211727,-0.31,0.43,-9.25,12.76,0.21,-1
2023-05-12,3.47,3.81,3.23,3.76,286357,0.29,0.58,7.71,15.43,0.29,1
2023-05-11,2.97,3.45,2.93,3.29,248778,0.32,0.52,9.73,15.81,0.26,1
2023-05-10,2.88,3.04,2.79,2.97,129342,0.09,0.25,3.03,8.36,0.12,1
2023-05-09,2.62,2.98,2.62,2.84,196307,0.22,0.36,7.75,12.68,0.18,1
2023-05-08,2.56,2.75,2.52,2.66,116945,0.1,0.23,3.76,8.57,0.11,1
2023-05-05,2.53,2.6,2.45,2.57,51905,0.04,0.15,1.56,5.84,0.07,1
2023-05-04,2.31,2.46,2.31,2.46,50848,0.15,0.15,6.1,6.1,0.07,1
2023-05-03,2.34,2.47,2.33,2.34,91311,0.0,0.14,0.0,5.98,0.07,1
2023-05-02,2.35,2.38,2.31,2.31,53171,-0.04,0.07,-1.73,3.03,0.03,-1
2023-05-01,2.4,2.5,2.33,2.33,46309,-0.07,0.17,-3.0,7.3,0.08,-1
2023-04-28,2.4,2.65,2.37,2.43,115456,0.03,0.28,1.23,11.46,0.14,1
2023-04-27,2.35,2.4,2.32,2.35,43269,0.0,0.08,0.0,3.2,0.04,1
2023-04-26,2.57,2.57,2.26,2.31,102803,-0.26,0.31,-11.26,13.42,0.16,-1
2023-04-25,2.55,2.61,2.51,2.53,47558,-0.02,0.1,-0.79,3.95,0.05,-1
2023-04-24,2.59,2.64,2.51,2.53,44860,-0.06,0.13,-2.37,5.14,0.07,-1
2023-04-21,2.65,2.65,2.56,2.57,44115,-0.08,0.09,-3.11,3.69,0.05,-1
2023-04-20,2.68,2.7,2.61,2.62,54010,-0.06,0.09,-2.29,3.44,0.05,-1
2023-04-19,2.66,2.77,2.66,2.7,66710,0.04,0.11,1.48,4.07,0.05,-1
2023-04-18,2.72,2.72,2.66,2.72,34925,0.0,0.06,0.0,2.2,0.03,1
2023-04-17,2.59,2.73,2.58,2.7,48879,0.11,0.15,4.07,5.51,0.07,1
2023-04-14,2.6,2.63,2.56,2.6,39439,0.0,0.07,0.0,2.63,0.03,-1
2023-04-13,2.56,2.7,2.55,2.6,57792,0.04,0.15,1.54,5.77,0.08,1
2023-04-12,2.68,2.7,2.51,2.56,55280,-0.12,0.19,-4.69,7.42,0.1,-1
2023-04-11,2.67,2.71,2.59,2.61,56093,-0.06,0.12,-2.3,4.6,0.06,-1
2023-04-10,2.7,2.75,2.61,2.66,27961,-0.04,0.14,-1.5,5.26,0.07,-1
2023-04-06,2.8,2.81,2.66,2.68,50271,-0.12,0.15,-4.48,5.6,0.07,-1
2023-04-05,2.91,2.91,2.75,2.79,46295,-0.12,0.16,-4.3,5.73,0.08,-1
2023-04-04,2.84,2.95,2.8,2.91,75117,0.07,0.15,2.41,4.98,0.07,1
2023-04-03,2.77,2.94,2.75,2.84,119307,0.07,0.19,2.46,6.69,0.09,1
2023-03-31,2.56,2.77,2.54,2.77,180597,0.21,0.23,7.58,8.3,0.12,1
2023-03-30,2.69,2.94,2.65,2.67,195742,-0.02,0.29,-0.75,10.86,0.15,1
2023-03-29,2.6,2.72,2.57,2.65,56139,0.05,0.15,1.89,5.66,0.08,1
2023-03-28,2.7,2.74,2.48,2.58,193278,-0.12,0.26,-4.65,10.08,0.13,-1
2023-03-27,2.7,2.9,2.66,2.67,124733,-0.03,0.24,-1.12,8.98,0.12,-1
2023-03-24,2.73,2.8,2.58,2.74,132783,0.01,0.22,0.36,8.03,0.11,-1
2023-03-23,2.76,3.0,2.76,2.88,123206,0.12,0.24,4.17,8.33,0.12,1
2023-03-22,2.86,2.87,2.72,2.75,61859,-0.11,0.15,-4.0,5.45,0.07,-1
2023-03-21,2.76,2.85,2.73,2.85,71137,0.09,0.12,3.16,4.21,0.06,1
2023-03-20,2.75,2.85,2.6,2.73,79269,-0.02,0.25,-0.73,9.16,0.12,-1
2023-03-17,2.62,2.87,2.55,2.77,142398,0.15,0.32,5.42,11.55,0.16,1
2023-03-16,2.7,2.94,2.6,2.68,275578,-0.02,0.34,-0.75,12.56,0.17,1
2023-03-15,2.58,2.6,2.43,2.56,189489,-0.02,0.17,-0.78,6.64,0.08,-1
2023-03-14,2.76,2.83,2.57,2.59,81390,-0.17,0.26,-6.56,10.15,0.13,-1
2023-03-13,2.46,2.75,2.33,2.72,110711,0.25,0.42,9.39,15.47,0.21,1
2023-03-10,2.75,2.75,2.41,2.56,174575,-0.19,0.34,-7.42,13.28,0.17,-1
2023-03-09,2.87,2.95,2.71,2.72,152705,-0.15,0.24,-5.51,8.82,0.12,-1
2023-03-08,3.03,3.03,2.87,2.89,70007,-0.14,0.16,-4.84,5.54,0.08,-1
2023-03-07,2.98,3.04,2.92,3.03,94954,0.05,0.13,1.65,4.24,0.06,1
2023-03-06,2.99,3.06,2.9,3.0,103877,0.01,0.16,0.33,5.33,0.08,1
2023-03-03,3.14,3.14,2.95,2.97,102523,-0.17,0.19,-5.72,6.4,0.09,-1
2023-03-02,2.91,3.16,2.85,3.15,115576,0.24,0.31,7.62,9.8,0.15,1
2023-03-01,2.99,3.18,2.95,2.95,121968,-0.04,0.23,-1.36,7.79,0.11,-1
2023-02-28,2.97,3.1,2.9,3.06,142244,0.09,0.2,2.94,6.37,0.1,1
2023-02-27,2.88,2.95,2.82,2.95,113488,0.07,0.13,2.37,4.4,0.06,1
2023-02-24,3.0,3.1,2.84,2.87,142217,-0.13,0.26,-4.53,9.06,0.13,-1
2023-02-23,2.87,3.03,2.77,3.03,245564,0.16,0.26,5.28,8.58,0.13,1
2023-02-22,3.03,3.09,2.88,2.9,214753,-0.13,0.21,-4.48,7.17,0.1,-1
2023-02-21,3.19,3.19,2.96,3.05,249075,-0.14,0.23,-4.59,7.6,0.12,-1
2023-02-17,3.39,3.39,3.19,3.22,104847,-0.17,0.2,-5.28,6.21,0.1,-1
2023-02-16,3.43,3.44,3.21,3.28,160911,-0.15,0.23,-4.57,7.01,0.12,-1
2023-02-15,3.41,3.5,3.32,3.46,142222,0.05,0.18,1.45,5.2,0.09,1
2023-02-14,3.1,3.48,3.1,3.36,206157,0.26,0.38,7.74,11.31,0.19,1
2023-02-13,3.5,3.5,3.12,3.18,299377,-0.33,0.38,-10.24,11.81,0.19,-1
2023-02-10,3.4,3.56,3.4,3.48,151489,0.08,0.16,2.3,4.6,0.08,-1
2023-02-09,3.91,3.91,3.42,3.51,536937,-0.4,0.49,-11.4,14.06,0.25,-1
2023-02-08,4.0,4.1,3.81,3.87,298241,-0.13,0.29,-3.36,7.49,0.14,-1
2023-02-07,4.0,4.11,3.91,4.05,503120,0.05,0.2,1.23,4.94,0.1,-1
2023-02-06,3.94,4.3,3.86,4.06,665060,0.12,0.44,2.96,10.81,0.22,1
2023-02-03,4.05,4.06,3.9,3.92,437318,-0.13,0.16,-3.32,4.08,0.08,-1
2023-02-02,4.02,4.15,4.0,4.08,590834,0.06,0.15,1.47,3.68,0.08,1
2023-02-01,4.13,4.17,3.75,4.05,602095,-0.08,0.42,-1.98,10.37,0.21,-1
2023-01-31,4.44,4.5,4.12,4.17,791689,-0.27,0.38,-6.47,9.11,0.19,-1
2023-01-30,4.77,5.25,4.38,4.4,851779,-0.37,0.87,-8.41,19.77,0.44,-1
2023-01-27,4.4,4.87,4.36,4.77,657847,0.37,0.51,7.76,10.69,0.25,1
2023-01-26,4.58,4.66,4.33,4.43,629058,-0.15,0.33,-3.39,7.45,0.17,-1
2023-01-25,4.32,4.8,4.26,4.62,1055087,0.3,0.54,6.49,11.66,0.27,1
2023-01-24,4.2,4.56,4.2,4.41,749787,0.21,0.36,4.76,8.16,0.18,1
2023-01-23,4.14,4.48,3.92,4.2,1102792,0.06,0.56,1.43,13.26,0.28,1
2023-01-20,4.26,4.36,3.93,4.03,1226548,-0.23,0.43,-5.71,10.67,0.22,-1
2023-01-19,4.45,5.0,4.06,4.17,1737194,-0.28,0.94,-6.71,22.54,0.47,-1
2023-01-18,4.54,4.95,4.25,4.66,1618163,0.12,0.7,2.58,15.02,0.35,1
2023-01-17,4.4,5.87,4.4,4.54,5660271,0.14,1.47,3.08,32.38,0.73,1
2023-01-13,4.93,4.93,4.16,4.27,2608086,-0.66,0.77,-15.46,18.03,0.38,-1
2023-01-12,5.92,6.32,5.28,5.3,5485296,-0.62,1.04,-11.7,19.62,0.52,-1
2023-01-11,6.48,7.68,5.17,6.7,56654034,0.22,2.51,3.28,37.46,1.25,1
2023-01-10,2.41,5.63,2.13,5.4,50004583,2.99,3.5,55.37,64.81,1.75,1
2023-01-09,2.12,2.25,1.96,2.11,389463,-0.01,0.29,-0.47,13.74,0.15,1
2023-01-06,2.09,2.22,1.95,2.06,294476,-0.03,0.27,-1.46,13.08,0.13,1
2023-01-05,2.37,2.37,2.02,2.04,288813,-0.33,0.35,-16.18,17.16,0.18,-1
2023-01-04,2.32,2.56,2.3,2.34,358814,0.02,0.26,0.85,11.11,0.13,-1
2023-01-03,3.28,3.67,2.28,2.35,502923,-0.93,1.39,-39.57,59.14,0.69,1
2022-12-30,0.15,0.15,0.13,0.13,5617456,-0.01,0.02,-11.31,12.91,0.01,-1
2022-12-29,0.15,0.16,0.15,0.15,1492388,0.0,0.01,0.73,5.96,0.0,-1
2022-12-28,0.15,0.16,0.14,0.15,1595321,-0.0,0.02,-3.2,11.4,0.01,-1
2022-12-27,0.16,0.16,0.15,0.15,1528714,-0.01,0.02,-5.44,12.17,0.01,-1
2022-12-23,0.16,0.16,0.15,0.16,2155763,0.0,0.01,0.38,9.25,0.01,1
2022-12-22,0.16,0.17,0.14,0.15,1875752,-0.02,0.03,-11.49,16.96,0.01,-1
2022-12-21,0.16,0.17,0.15,0.16,1388700,0.0,0.02,1.82,12.85,0.01,1
2022-12-20,0.15,0.16,0.15,0.15,1356396,0.0,0.01,2.72,7.78,0.01,-1
2022-12-19,0.17,0.17,0.15,0.15,1955841,-0.02,0.03,-12.21,17.03,0.01,-1
2022-12-16,0.18,0.18,0.16,0.16,1138755,-0.01,0.02,-8.24,13.22,0.01,-1
2022-12-15,0.19,0.19,0.17,0.17,1281542,-0.02,0.02,-10.06,12.24,0.01,-1
2022-12-14,0.19,0.19,0.18,0.18,1590778,-0.01,0.01,-3.94,8.15,0.01,-1
2022-12-13,0.18,0.19,0.17,0.18,1575865,-0.0,0.02,-0.33,8.34,0.01,-1
2022-12-12,0.17,0.19,0.16,0.18,1698102,0.01,0.02,3.73,12.54,0.01,-1
2022-12-09,0.19,0.2,0.16,0.18,2241308,-0.01,0.04,-6.67,21.28,0.02,-1
2022-12-08,0.19,0.2,0.19,0.2,1330347,0.01,0.01,3.7,7.55,0.01,1
2022-12-07,0.22,0.22,0.19,0.19,3287385,-0.03,0.03,-15.73,16.68,0.02,-1
2022-12-06,0.23,0.24,0.22,0.22,1371533,-0.02,0.03,-8.32,13.24,0.01,-1
2022-12-05,0.25,0.25,0.23,0.23,1630109,-0.02,0.02,-6.85,10.39,0.01,-1
2022-12-02,0.25,0.26,0.24,0.25,1046123,0.0,0.02,1.85,6.67,0.01,1
2022-12-01,0.24,0.26,0.24,0.24,748416,-0.0,0.02,-0.54,6.2,0.01,-1
2022-11-30,0.25,0.26,0.24,0.24,1320102,-0.01,0.02,-2.04,8.16,0.01,-1
2022-11-29,0.23,0.25,0.22,0.25,1737597,0.02,0.03,9.56,12.08,0.02,1
2022-11-28,0.23,0.24,0.21,0.23,1379342,-0.01,0.03,-2.3,13.22,0.01,-1
2022-11-25,0.24,0.25,0.23,0.24,454418,0.0,0.02,0.83,8.18,0.01,-1
2022-11-23,0.23,0.24,0.22,0.24,1136765,0.01,0.02,2.72,9.99,0.01,1
2022-11-22,0.27,0.27,0.23,0.23,1882423,-0.04,0.04,-15.04,17.04,0.02,-1
2022-11-21,0.27,0.28,0.25,0.26,1527178,-0.0,0.03,-1.52,9.73,0.01,-1
2022-11-18,0.23,0.27,0.23,0.26,1662213,0.03,0.04,11.54,14.03,0.02,1
2022-11-17,0.25,0.26,0.22,0.23,2040855,-0.02,0.04,-9.61,17.39,0.02,-1
2022-11-16,0.26,0.27,0.25,0.25,1263172,-0.01,0.02,-5.7,7.74,0.01,-1
2022-11-15,0.26,0.29,0.24,0.27,2452957,0.01,0.05,2.66,18.53,0.02,-1
2022-11-14,0.29,0.3,0.26,0.28,1793164,-0.01,0.03,-3.17,12.45,0.02,-1
2022-11-11,0.25,0.31,0.25,0.28,1894658,0.03,0.05,10.04,19.71,0.03,1
2022-11-10,0.26,0.28,0.25,0.26,1995826,0.0,0.03,0.04,11.53,0.02,1
2022-11-09,0.27,0.28,0.24,0.24,1963861,-0.03,0.04,-12.92,16.11,0.02,-1
2022-11-08,0.3,0.3,0.26,0.27,1700049,-0.03,0.03,-10.99,12.99,0.02,-1
2022-11-07,0.32,0.32,0.28,0.29,4321079,-0.03,0.04,-9.37,14.53,0.02,-1
2022-11-04,0.34,0.34,0.32,0.33,1152674,-0.01,0.02,-1.92,5.42,0.01,1
2022-11-03,0.35,0.35,0.3,0.32,1656080,-0.03,0.05,-8.2,14.21,0.02,-1
2022-11-02,0.37,0.38,0.34,0.34,1690714,-0.03,0.04,-8.82,12.06,0.02,-1
2022-11-01,0.39,0.4,0.37,0.37,1256440,-0.02,0.03,-4.97,7.77,0.01,-1
2022-10-31,0.41,0.41,0.38,0.38,890562,-0.03,0.03,-8.24,8.89,0.02,-1
2022-10-28,0.42,0.43,0.4,0.4,1062750,-0.02,0.03,-5.27,7.5,0.01,-1
2022-10-27,0.42,0.45,0.41,0.42,1142165,-0.0,0.04,-1.1,8.6,0.02,1
2022-10-26,0.42,0.43,0.41,0.41,704920,-0.01,0.02,-3.44,4.88,0.01,-1
2022-10-25,0.4,0.44,0.39,0.42,1027118,0.03,0.05,6.86,11.79,0.02,1
2022-10-24,0.41,0.42,0.39,0.4,1054004,-0.01,0.03,-2.5,7.47,0.01,-1
2022-10-21,0.43,0.45,0.41,0.41,760605,-0.02,0.04,-3.64,9.09,0.02,-1
2022-10-20,0.45,0.45,0.43,0.43,780500,-0.02,0.02,-4.65,5.07,0.01,-1
2022-10-19,0.45,0.48,0.43,0.44,1319399,-0.01,0.05,-1.58,10.52,0.02,-1
2022-10-18,0.44,0.45,0.43,0.44,756627,-0.0,0.02,-0.59,5.0,0.01,1
2022-10-17,0.4,0.45,0.4,0.43,1391368,0.03,0.05,6.47,12.22,0.03,1
2022-10-14,0.41,0.42,0.4,0.4,805787,-0.0,0.02,-0.96,4.94,0.01,-1
2022-10-13,0.4,0.41,0.38,0.41,1173867,0.01,0.03,2.37,7.32,0.01,-1
2022-10-12,0.43,0.43,0.39,0.41,869797,-0.02,0.04,-5.34,10.2,0.02,1
2022-10-11,0.4,0.44,0.38,0.4,991671,0.0,0.06,0.0,14.2,0.03,-1
2022-10-10,0.44,0.44,0.39,0.4,1393572,-0.03,0.05,-8.42,11.84,0.02,-1
2022-10-07,0.45,0.45,0.42,0.43,866749,-0.02,0.04,-3.69,8.06,0.02,-1
2022-10-06,0.47,0.47,0.44,0.44,1596163,-0.03,0.03,-5.9,6.76,0.01,-1
2022-10-05,0.48,0.48,0.46,0.47,1187029,-0.01,0.02,-2.61,5.07,0.01,-1
2022-10-04,0.48,0.5,0.46,0.48,1490248,-0.0,0.04,-0.04,7.61,0.02,-1
2022-10-03,0.5,0.5,0.47,0.48,786542,-0.02,0.03,-3.29,6.01,0.01,-1
2022-09-30,0.51,0.51,0.48,0.48,698406,-0.02,0.03,-4.25,5.53,0.01,-1
2022-09-29,0.5,0.51,0.48,0.5,939991,-0.0,0.03,-0.38,6.28,0.02,1
2022-09-28,0.5,0.53,0.49,0.49,2284690,-0.01,0.04,-1.17,8.09,0.02,-1
2022-09-27,0.51,0.54,0.49,0.5,1606477,-0.01,0.05,-2.06,9.32,0.02,-1
2022-09-26,0.53,0.56,0.52,0.53,941811,0.0,0.04,0.34,7.33,0.02,-1
2022-09-23,0.59,0.59,0.5,0.53,2066510,-0.05,0.09,-9.88,16.88,0.04,-1
2022-09-22,0.6,0.62,0.58,0.6,982846,-0.01,0.04,-0.86,6.5,0.02,-1
2022-09-21,0.61,0.65,0.58,0.62,992653,0.01,0.07,1.45,10.81,0.03,1
2022-09-20,0.62,0.64,0.6,0.6,876722,-0.01,0.04,-1.8,6.64,0.02,-1
2022-09-19,0.65,0.66,0.61,0.62,1201889,-0.03,0.05,-5.54,8.07,0.02,-1
2022-09-16,0.67,0.68,0.64,0.65,828746,-0.02,0.04,-3.08,5.38,0.02,-1
2022-09-15,0.68,0.7,0.66,0.68,934667,-0.0,0.04,-0.7,6.65,0.02,1
2022-09-14,0.69,0.72,0.67,0.67,815829,-0.02,0.05,-2.51,6.97,0.02,-1
2022-09-13,0.68,0.7,0.67,0.69,765931,0.01,0.03,1.3,4.35,0.01,-1
2022-09-12,0.71,0.72,0.67,0.69,676528,-0.02,0.05,-2.9,7.25,0.02,-1
2022-09-09,0.68,0.71,0.68,0.7,967147,0.02,0.03,2.94,4.28,0.01,1
2022-09-08,0.67,0.68,0.65,0.67,524128,-0.0,0.03,-0.09,4.09,0.01,-1
2022-09-07,0.68,0.68,0.65,0.68,943561,-0.0,0.03,-0.37,4.5,0.02,-1
2022-09-06,0.68,0.69,0.67,0.68,635075,0.0,0.02,0.15,3.6,0.01,-1
2022-09-02,0.69,0.72,0.68,0.7,804716,0.01,0.04,1.0,5.71,0.02,1
2022-09-01,0.7,0.72,0.68,0.69,1060946,-0.01,0.04,-1.74,5.35,0.02,-1
2022-08-31,0.7,0.73,0.7,0.72,881943,0.02,0.03,3.09,4.82,0.02,1
2022-08-30,0.75,0.77,0.7,0.71,1047516,-0.04,0.07,-5.99,10.23,0.04,-1
2022-08-29,0.78,0.79,0.73,0.74,824632,-0.04,0.06,-5.41,7.74,0.03,-1
2022-08-26,0.82,0.83,0.79,0.79,1251929,-0.03,0.04,-3.78,4.95,0.02,-1
2022-08-25,0.86,0.86,0.82,0.84,1032903,-0.03,0.04,-3.02,4.81,0.02,-1
2022-08-24,0.82,0.89,0.81,0.86,1164172,0.04,0.08,4.94,9.26,0.04,1
2022-08-23,0.82,0.84,0.8,0.82,1044693,0.0,0.04,0.5,4.7,0.02,-1
2022-08-22,0.89,0.89,0.83,0.83,1282500,-0.05,0.06,-6.2,6.75,0.03,-1
2022-08-19,0.87,0.93,0.83,0.91,1419238,0.04,0.1,4.4,10.97,0.05,1
2022-08-18,0.92,0.93,0.83,0.87,2206578,-0.05,0.1,-5.48,11.48,0.05,-1
2022-08-17,0.96,0.97,0.94,0.94,1031593,-0.02,0.03,-1.86,3.18,0.02,-1
2022-08-16,1.01,1.03,0.92,0.98,2251123,-0.03,0.11,-3.31,11.07,0.05,-1
2022-08-15,1.03,1.04,1.0,1.04,2392358,0.01,0.04,0.96,3.85,0.02,1
2022-08-12,0.97,1.03,0.96,1.0,2526765,0.03,0.07,3.0,7.0,0.04,1
2022-08-11,1.1,1.12,0.91,0.93,4782555,-0.17,0.21,-18.28,22.44,0.1,-1
2022-08-10,0.88,1.15,0.84,1.01,31025843,0.13,0.31,12.87,31.0,0.16,1
2022-08-09,0.8,0.82,0.75,0.77,874993,-0.03,0.06,-3.9,7.88,0.03,-1
2022-08-08,0.88,0.89,0.8,0.81,1785028,-0.07,0.09,-9.18,11.04,0.04,-1
2022-08-05,0.74,0.84,0.74,0.83,1926995,0.09,0.1,10.95,11.79,0.05,1
2022-08-04,0.7,0.77,0.69,0.75,1672029,0.05,0.08,6.49,10.65,0.04,1
2022-08-03,0.71,0.72,0.7,0.71,835839,0.0,0.02,0.01,3.48,0.01,1
2022-08-02,0.69,0.72,0.68,0.7,907830,0.01,0.04,1.44,5.28,0.02,-1
2022-08-01,0.69,0.73,0.68,0.7,921420,0.01,0.05,1.44,7.14,0.02,-1
2022-07-29,0.75,0.75,0.68,0.7,1301523,-0.05,0.07,-6.86,9.87,0.03,-1
2022-07-28,0.66,0.77,0.66,0.72,2800421,0.06,0.11,7.77,15.35,0.05,1
2022-07-27,0.67,0.68,0.62,0.67,894471,0.0,0.06,0.34,8.73,0.03,-1
2022-07-26,0.68,0.69,0.67,0.68,804549,-0.0,0.02,-0.64,3.3,0.01,-1
2022-07-25,0.7,0.71,0.68,0.7,1116857,-0.0,0.03,-0.33,4.13,0.01,-1
2022-07-22,0.73,0.75,0.7,0.71,1053815,-0.02,0.05,-2.62,6.45,0.02,-1
2022-07-21,0.69,0.75,0.69,0.73,1436673,0.04,0.06,5.7,7.65,0.03,1
2022-07-20,0.69,0.72,0.69,0.71,1178829,0.02,0.03,3.16,4.2,0.01,1
2022-07-19,0.68,0.7,0.67,0.69,1202329,0.01,0.03,0.88,4.34,0.01,-1
2022-07-18,0.7,0.74,0.69,0.69,1354395,-0.01,0.05,-1.45,7.03,0.02,-1
2022-07-15,0.7,0.75,0.69,0.7,1286793,-0.0,0.06,-0.43,8.45,0.03,-1
2022-07-14,0.68,0.72,0.66,0.71,1874168,0.03,0.06,3.71,8.49,0.03,1
2022-07-13,0.68,0.71,0.67,0.69,697499,0.02,0.04,2.32,6.22,0.02,-1
2022-07-12,0.7,0.74,0.68,0.69,993603,-0.01,0.06,-1.97,8.89,0.03,-1
2022-07-11,0.7,0.76,0.66,0.71,2143054,0.01,0.1,1.56,14.32,0.05,1
2022-07-08,0.69,0.71,0.68,0.69,1533908,-0.0,0.03,-0.12,4.74,0.02,-1
2022-07-07,0.64,0.77,0.64,0.69,3109494,0.05,0.13,7.23,18.18,0.06,1
2022-07-06,0.6,0.66,0.6,0.63,1014212,0.03,0.05,4.6,8.42,0.03,1
2022-07-05,0.68,0.68,0.6,0.62,3521242,-0.05,0.08,-8.77,12.81,0.04,-1
2022-07-01,0.69,0.73,0.69,0.7,750892,0.01,0.04,1.26,5.72,0.02,-1
2022-06-30,0.71,0.72,0.67,0.7,1136602,-0.01,0.05,-1.44,6.83,0.02,1
2022-06-29,0.76,0.77,0.67,0.69,2593804,-0.07,0.1,-9.95,13.96,0.05,-1
2022-06-28,0.71,0.78,0.71,0.75,3418747,0.04,0.07,4.76,9.85,0.04,1
2022-06-27,0.73,0.74,0.64,0.7,3093327,-0.03,0.1,-3.62,14.19,0.05,1
2022-06-24,0.62,0.76,0.6,0.69,6168464,0.07,0.16,9.75,23.62,0.08,1
2022-06-23,0.59,0.62,0.59,0.61,1442515,0.01,0.03,2.04,4.51,0.01,-1
2022-06-22,0.59,0.62,0.58,0.62,740006,0.03,0.04,4.75,6.36,0.02,-1
2022-06-21,0.62,0.63,0.59,0.62,1582931,-0.0,0.04,-0.57,6.47,0.02,1
2022-06-17,0.57,0.63,0.57,0.61,1487190,0.04,0.06,6.59,9.72,0.03,1
2022-06-16,0.63,0.63,0.57,0.59,1651277,-0.04,0.06,-6.17,10.66,0.03,-1
2022-06-15,0.57,0.65,0.57,0.64,2222809,0.07,0.08,10.94,12.48,0.04,1
2022-06-14,0.62,0.62,0.56,0.56,1797819,-0.06,0.06,-9.75,11.13,0.03,-1
2022-06-13,0.64,0.67,0.59,0.6,2423356,-0.04,0.08,-6.31,12.71,0.04,-1
2022-06-10,0.67,0.7,0.67,0.68,1732804,0.01,0.03,1.45,4.38,0.01,-1
2022-06-09,0.76,0.77,0.7,0.7,1848853,-0.06,0.07,-8.0,10.33,0.04,-1
2022-06-08,0.76,0.79,0.75,0.77,1057556,0.01,0.04,0.84,4.8,0.02,1
2022-06-07,0.75,0.79,0.75,0.76,1168508,0.01,0.04,1.32,5.22,0.02,-1
2022-06-06,0.8,0.82,0.76,0.77,1378860,-0.03,0.06,-3.48,7.81,0.03,-1
2022-06-03,0.82,0.82,0.77,0.8,1556143,-0.02,0.05,-2.47,6.84,0.03,-1
2022-06-02,0.8,0.84,0.79,0.8,1572436,0.0,0.05,0.41,5.98,0.02,-1
2022-06-01,0.86,0.87,0.8,0.81,1339925,-0.05,0.07,-6.59,8.21,0.03,-1
2022-05-31,0.83,0.87,0.83,0.84,1435808,0.01,0.04,1.21,4.62,0.02,1
2022-05-27,0.82,0.85,0.81,0.83,1361841,0.01,0.04,1.62,5.38,0.02,1
2022-05-26,0.8,0.86,0.77,0.8,1536930,0.0,0.09,0.58,11.25,0.04,1
2022-05-25,0.76,0.81,0.76,0.79,1174050,0.03,0.05,3.58,6.81,0.03,1
2022-05-24,0.83,0.84,0.77,0.77,1530007,-0.06,0.07,-8.23,8.88,0.03,-1
2022-05-23,0.81,0.88,0.8,0.84,1229550,0.03,0.07,3.23,8.91,0.04,-1
2022-05-20,0.88,0.89,0.77,0.85,2177478,-0.03,0.11,-3.39,13.51,0.06,-1
2022-05-19,0.92,0.95,0.84,0.87,2009228,-0.05,0.11,-5.84,12.92,0.06,-1
2022-05-18,0.81,0.95,0.79,0.87,4307509,0.06,0.16,6.98,18.17,0.08,1
2022-05-17,0.75,0.82,0.75,0.81,2416759,0.06,0.07,6.99,8.68,0.03,1
2022-05-16,0.71,0.78,0.71,0.74,2377924,0.03,0.07,3.72,9.12,0.03,-1
2022-05-13,0.75,0.76,0.71,0.74,1655019,-0.0,0.05,-0.48,7.25,0.03,1
2022-05-12,0.66,0.72,0.63,0.69,2446039,0.03,0.09,4.74,13.3,0.05,-1
2022-05-11,0.75,0.75,0.67,0.69,3330761,-0.06,0.08,-8.99,11.88,0.04,-1
2022-05-10,0.84,0.84,0.7,0.77,3527348,-0.07,0.14,-8.69,17.88,0.07,1
2022-05-09,0.86,0.89,0.74,0.76,3086396,-0.1,0.14,-13.16,19.07,0.07,-1
2022-05-06,0.9,0.92,0.84,0.88,2779613,-0.02,0.08,-1.81,9.04,0.04,-1
2022-05-05,0.97,0.98,0.88,0.92,3392521,-0.05,0.1,-5.96,10.53,0.05,-1
2022-05-04,0.86,1.01,0.82,0.97,8042102,0.12,0.19,12.17,18.99,0.09,1
2022-05-03,0.85,0.87,0.82,0.86,2291957,0.01,0.05,0.91,5.83,0.03,1
2022-05-02,0.87,0.87,0.79,0.84,3617919,-0.03,0.08,-3.87,10.05,0.04,-1
2022-04-29,0.83,0.92,0.82,0.84,1870545,0.01,0.1,0.6,11.48,0.05,-1
2022-04-28,0.88,0.88,0.78,0.85,3250934,-0.02,0.09,-2.58,11.14,0.05,-1
2022-04-27,0.88,0.92,0.85,0.86,2697428,-0.02,0.07,-2.53,8.15,0.03,-1
2022-04-26,1.0,1.01,0.9,0.9,3866338,-0.1,0.11,-10.83,12.19,0.05,-1
2022-04-25,0.95,1.01,0.93,0.99,2559944,0.04,0.08,4.36,7.96,0.04,1
2022-04-22,0.97,1.01,0.93,0.96,2670831,-0.01,0.08,-0.95,7.84,0.04,-1
2022-04-21,1.02,1.06,0.98,0.98,3239378,-0.04,0.08,-4.07,8.58,0.04,-1
2022-04-20,0.98,1.06,0.96,1.02,4021073,0.04,0.1,3.73,9.8,0.05,1
2022-04-19,0.99,1.02,0.95,1.01,4516283,0.02,0.07,1.98,6.71,0.03,1
2022-04-18,1.02,1.02,0.95,0.99,5611362,-0.03,0.07,-2.86,6.97,0.03,-1
2022-04-14,1.05,1.05,1.0,1.0,3417461,-0.05,0.05,-5.0,5.0,0.03,-1
2022-04-13,1.03,1.06,1.0,1.05,4821025,0.02,0.06,1.9,5.71,0.03,1
2022-04-12,1.11,1.15,1.0,1.03,7039427,-0.08,0.15,-7.77,14.56,0.07,-1
2022-04-11,1.14,1.14,1.08,1.09,6463176,-0.05,0.06,-4.59,5.5,0.03,-1
2022-04-08,1.15,1.17,1.11,1.16,4166855,0.01,0.06,0.86,5.17,0.03,-1
2022-04-07,1.18,1.2,1.11,1.19,6268222,0.01,0.09,0.84,7.56,0.04,-1
2022-04-06,1.16,1.22,1.12,1.21,5667825,0.05,0.1,4.13,8.26,0.05,1
2022-04-05,1.2,1.23,1.15,1.17,5676018,-0.03,0.08,-2.56,6.84,0.04,-1
2022-04-04,1.16,1.25,1.14,1.22,9033820,0.06,0.11,5.33,9.02,0.06,1
2022-04-01,1.17,1.21,1.12,1.14,7611094,-0.03,0.09,-2.63,7.89,0.04,-1
2022-03-31,1.2,1.22,1.13,1.16,10036083,-0.04,0.09,-3.02,7.76,0.05,-1
2022-03-30,1.23,1.35,1.16,1.17,15828341,-0.06,0.19,-5.13,16.24,0.1,-1
2022-03-29,1.23,1.27,1.16,1.24,22712761,0.01,0.11,0.81,8.87,0.06,-1
2022-03-28,1.75,1.75,1.53,1.61,15968269,-0.14,0.22,-8.7,13.66,0.11,-1
2022-03-25,1.69,1.85,1.63,1.69,10376600,0.0,0.22,0.0,13.02,0.11,-1
2022-03-24,1.7,1.72,1.62,1.69,5076727,-0.01,0.1,-0.59,5.92,0.05,1
2022-03-23,1.58,1.78,1.53,1.65,15150754,0.07,0.25,4.24,15.15,0.12,1
2022-03-22,1.52,1.67,1.46,1.6,12582765,0.08,0.21,5.0,13.12,0.1,1
2022-03-21,1.69,1.7,1.42,1.43,16971400,-0.26,0.28,-18.18,19.58,0.14,-1
2022-03-18,1.29,1.55,1.27,1.45,12847579,0.16,0.28,11.03,19.26,0.14,1
2022-03-17,1.26,1.32,1.22,1.3,5010395,0.04,0.1,3.08,7.67,0.05,1
2022-03-16,1.2,1.27,1.16,1.26,6087957,0.06,0.12,4.76,9.13,0.06,1
2022-03-15,1.17,1.2,1.11,1.19,3863380,0.02,0.09,1.68,7.56,0.04,1
2022-03-14,1.18,1.21,1.06,1.11,5698210,-0.07,0.15,-6.31,13.51,0.07,-1
2022-03-11,1.26,1.27,1.17,1.18,3244444,-0.08,0.1,-6.78,8.47,0.05,-1
2022-03-10,1.24,1.32,1.22,1.26,3628359,0.02,0.1,1.59,7.94,0.05,-1
2022-03-09,1.25,1.31,1.21,1.27,5758162,0.02,0.1,1.57,7.87,0.05,1
2022-03-08,1.11,1.24,1.04,1.21,9294888,0.1,0.2,8.26,16.53,0.1,1
2022-03-07,1.2,1.21,1.12,1.12,6326583,-0.08,0.09,-7.14,8.04,0.04,-1
2022-03-04,1.21,1.25,1.18,1.2,4584152,-0.01,0.07,-0.83,5.83,0.04,-1
2022-03-03,1.29,1.3,1.2,1.21,6034561,-0.08,0.1,-6.61,8.26,0.05,-1
2022-03-02,1.28,1.33,1.22,1.28,6993592,0.0,0.11,0.0,8.5,0.05,-1
2022-03-01,1.37,1.38,1.27,1.28,4604914,-0.09,0.11,-7.03,8.45,0.05,-1
2022-02-28,1.32,1.47,1.31,1.35,9258236,0.03,0.16,2.22,11.85,0.08,-1
2022-02-25,1.36,1.36,1.26,1.35,7447015,-0.01,0.1,-0.74,7.41,0.05,-1
2022-02-24,1.14,1.38,1.13,1.37,9934483,0.23,0.25,16.79,18.25,0.12,1
2022-02-23,1.43,1.45,1.24,1.24,11827212,-0.19,0.21,-15.32,17.33,0.11,-1
2022-02-22,1.43,1.53,1.38,1.39,10822104,-0.04,0.15,-2.74,10.78,0.07,-1
2022-02-18,1.62,1.63,1.5,1.54,7472493,-0.08,0.13,-5.19,8.44,0.06,-1
2022-02-17,1.75,1.76,1.6,1.64,9849032,-0.11,0.16,-6.71,9.76,0.08,-1
2022-02-16,1.87,1.87,1.73,1.78,8524057,-0.09,0.14,-4.79,7.87,0.07,-1
2022-02-15,1.93,1.93,1.78,1.9,13768447,-0.03,0.15,-1.58,7.89,0.07,1
2022-02-14,1.76,1.99,1.73,1.85,12641110,0.09,0.26,4.86,14.05,0.13,1
2022-02-11,1.91,1.97,1.71,1.73,9544940,-0.18,0.26,-10.4,15.03,0.13,-1
2022-02-10,1.89,2.11,1.81,1.9,13337632,0.01,0.3,0.53,15.66,0.15,-1
2022-02-09,1.82,2.07,1.79,1.96,20959436,0.15,0.28,7.4,14.17,0.14,1
2022-02-08,1.58,1.81,1.56,1.78,14207537,0.2,0.25,11.1,14.04,0.12,1
2022-02-07,1.53,1.66,1.5,1.57,7101526,0.04,0.16,2.55,10.18,0.08,1
2022-02-04,1.49,1.57,1.43,1.53,5885830,0.04,0.14,2.61,9.15,0.07,1
2022-02-03,1.44,1.51,1.42,1.49,5403577,0.04,0.09,3.02,6.04,0.05,-1
2022-02-02,1.62,1.63,1.46,1.5,6399325,-0.12,0.17,-8.0,11.61,0.09,-1
2022-02-01,1.46,1.65,1.45,1.58,12495706,0.12,0.2,7.59,12.66,0.1,1
2022-01-31,1.33,1.48,1.32,1.43,7404970,0.1,0.16,6.99,11.19,0.08,1
2022-01-28,1.28,1.35,1.21,1.35,7169763,0.07,0.14,5.19,10.37,0.07,1
2022-01-27,1.44,1.46,1.27,1.28,7898480,-0.16,0.19,-12.5,14.84,0.09,-1
2022-01-26,1.55,1.66,1.38,1.43,17142853,-0.12,0.28,-8.39,19.58,0.14,-1
2022-01-25,1.22,1.62,1.22,1.54,23852467,0.32,0.4,20.78,25.97,0.2,1
2022-01-24,1.17,1.29,1.11,1.28,14789586,0.11,0.18,8.59,14.06,0.09,1
2022-01-21,1.31,1.36,1.23,1.24,11540408,-0.07,0.13,-5.32,10.48,0.07,-1
2022-01-20,1.37,1.5,1.32,1.33,13458353,-0.04,0.18,-3.01,13.53,0.09,-1
2022-01-19,1.53,1.56,1.36,1.36,9908455,-0.17,0.2,-12.09,14.65,0.1,-1
2022-01-18,1.59,1.61,1.5,1.51,10753110,-0.08,0.11,-5.3,7.28,0.06,-1
2022-01-14,1.58,1.72,1.51,1.69,11852488,0.11,0.21,6.69,12.42,0.1,1
2022-01-13,1.77,1.78,1.6,1.61,13626582,-0.16,0.18,-9.94,11.28,0.09,-1
2022-01-12,1.87,1.9,1.78,1.79,8288579,-0.08,0.12,-4.47,6.42,0.06,-1
2022-01-11,1.93,1.97,1.84,1.85,7998605,-0.08,0.13,-4.32,6.91,0.06,-1
2022-01-10,1.9,1.95,1.79,1.91,12160637,0.01,0.16,0.52,8.38,0.08,-1
2022-01-07,1.97,2.05,1.91,1.92,6260458,-0.05,0.14,-2.6,7.29,0.07,-1
2022-01-06,2.03,2.09,1.91,1.98,8148474,-0.05,0.18,-2.53,9.03,0.09,-1
2022-01-05,2.26,2.27,2.02,2.08,8129458,-0.18,0.25,-8.65,12.02,0.12,-1
2022-01-04,2.22,2.31,2.16,2.25,8627128,0.03,0.15,1.33,6.67,0.07,-1
2022-01-03,2.09,2.3,2.01,2.25,16186426,0.16,0.29,7.11,12.89,0.15,1
2021-12-31,2.08,2.39,2.08,2.09,17332527,0.01,0.31,0.48,14.83,0.16,-1
2021-12-30,1.91,2.27,1.9,2.13,20083084,0.22,0.37,10.33,17.37,0.19,1
2021-12-29,1.97,2.04,1.79,1.97,17989243,0.0,0.25,0.0,12.69,0.12,-1
2021-12-28,2.01,2.22,1.99,1.99,15889472,-0.02,0.23,-1.01,11.56,0.12,-1
2021-12-27,2.21,2.22,2.0,2.0,13743942,-0.21,0.22,-10.5,10.88,0.11,-1
2021-12-23,2.24,2.32,2.15,2.23,9289263,-0.01,0.17,-0.59,7.62,0.08,-1
2021-12-22,2.4,2.41,2.17,2.24,15829021,-0.16,0.24,-7.14,10.71,0.12,-1
2021-12-21,2.48,2.49,2.37,2.43,9714507,-0.05,0.12,-2.06,4.94,0.06,-1
2021-12-20,2.57,2.67,2.41,2.44,12994121,-0.13,0.26,-5.33,10.65,0.13,-1
2021-12-17,2.53,2.72,2.42,2.69,18994006,0.16,0.31,5.95,11.34,0.15,1
2021-12-16,2.59,2.7,2.49,2.54,10720289,-0.05,0.21,-1.88,8.27,0.1,-1
2021-12-15,2.51,2.62,2.33,2.6,13935852,0.09,0.29,3.46,11.15,0.15,1
2021-12-14,2.41,2.74,2.38,2.49,21837890,0.08,0.36,3.21,14.46,0.18,-1
2021-12-13,2.45,2.63,2.32,2.52,14085250,0.07,0.31,2.78,12.3,0.16,1
2021-12-10,2.55,2.65,2.41,2.46,12646412,-0.09,0.24,-3.66,9.76,0.12,-1
2021-12-09,2.75,2.83,2.51,2.54,14355155,-0.21,0.32,-8.27,12.6,0.16,-1
2021-12-08,2.66,2.86,2.55,2.79,18874840,0.13,0.31,4.74,10.93,0.15,1
2021-12-07,2.99,3.05,2.64,2.73,37822166,-0.26,0.41,-9.52,15.02,0.2,-1
2021-12-06,2.24,2.88,2.13,2.82,43833599,0.58,0.75,20.57,26.57,0.37,1
2021-12-03,2.68,2.71,2.27,2.36,40263960,-0.32,0.44,-13.56,18.64,0.22,-1
2021-12-02,2.7,2.99,2.58,2.72,33419717,0.02,0.41,0.55,15.07,0.21,-1
2021-12-01,3.21,3.23,2.7,2.72,39935030,-0.49,0.53,-18.01,19.49,0.26,-1
2021-11-30,3.12,3.65,3.07,3.13,51643533,0.01,0.58,0.32,18.53,0.29,1
2021-11-29,3.63,3.67,3.05,3.12,39345549,-0.51,0.62,-16.35,19.87,0.31,-1
2021-11-26,3.54,3.78,3.43,3.64,21279198,0.1,0.35,2.75,9.5,0.17,-1
2021-11-24,3.75,3.88,3.6,3.75,27243753,0.0,0.28,0.0,7.47,0.14,-1
2021-11-23,4.2,4.73,3.68,3.99,57697464,-0.21,1.05,-5.26,26.19,0.52,-1
2021-11-22,4.87,5.23,4.37,4.45,83481047,-0.42,0.86,-9.44,19.33,0.43,-1
2021-11-19,4.04,5.15,3.97,4.89,123358864,0.85,1.18,17.38,24.13,0.59,1
2021-11-18,4.61,4.65,3.94,4.3,79158122,-0.31,0.71,-7.21,16.51,0.36,-1
2021-11-17,5.81,6.2,4.57,4.88,221371920,-0.93,1.63,-19.06,33.4,0.82,1
2021-11-16,3.96,5.13,3.83,4.84,353515135,0.88,1.3,18.18,26.86,0.65,1
2021-11-15,3.05,3.53,3.05,3.47,46992575,0.42,0.48,12.1,13.89,0.24,1
2021-11-12,3.03,3.05,2.86,2.97,22629815,-0.06,0.19,-2.02,6.4,0.09,-1
2021-11-11,3.08,3.35,3.01,3.1,23647964,0.02,0.34,0.65,10.97,0.17,-1
2021-11-10,3.47,3.84,3.38,3.52,51886354,0.05,0.46,1.42,13.07,0.23,1
2021-11-09,3.53,3.54,3.28,3.41,18903500,-0.12,0.26,-3.52,7.62,0.13,-1
2021-11-08,3.59,3.72,3.36,3.54,27972187,-0.05,0.36,-1.41,10.29,0.18,1
2021-11-05,3.68,4.08,3.38,3.52,74668131,-0.17,0.7,-4.69,20.03,0.35,-1
2021-11-04,3.13,3.72,3.12,3.6,70378353,0.47,0.6,13.06,16.67,0.3,1
2021-11-03,3.13,3.33,3.0,3.11,26214610,-0.02,0.33,-0.64,10.61,0.17,-1
2021-11-02,3.34,3.5,2.85,3.4,57418495,0.06,0.65,1.76,19.12,0.32,-1
2021-11-01,3.58,3.75,3.34,3.47,34993218,-0.11,0.41,-3.17,11.82,0.21,-1
2021-10-29,3.77,3.92,3.46,3.6,34092525,-0.17,0.46,-4.72,12.64,0.23,-1
2021-10-28,3.68,3.97,3.34,3.87,59771043,0.19,0.63,4.91,16.28,0.32,1
2021-10-27,3.85,4.43,3.61,3.75,120932154,-0.1,0.82,-2.67,21.87,0.41,-1
2021-10-26,4.0,4.35,3.31,3.99,253896054,-0.01,1.04,-0.25,26.07,0.52,1
2021-10-25,3.05,3.48,2.97,3.38,139662906,0.33,0.51,9.76,15.09,0.25,1
2021-10-22,2.34,3.33,2.23,2.96,188360638,0.62,1.1,20.95,37.16,0.55,1
2021-10-21,2.74,2.84,2.3,2.5,68050530,-0.24,0.54,-9.51,21.6,0.27,-1
2021-10-20,2.84,2.92,2.66,2.72,72220969,-0.12,0.26,-4.41,9.56,0.13,-1
2021-10-19,3.22,3.55,2.76,3.0,272890573,-0.22,0.79,-7.33,26.33,0.4,1
2021-10-18,2.31,3.08,2.25,2.99,352090770,0.68,0.83,22.74,27.76,0.42,1
2021-10-15,2.12,2.27,2.06,2.14,71829448,0.02,0.21,0.93,9.81,0.1,1
2021-10-14,2.13,2.35,2.05,2.09,93034193,-0.04,0.3,-1.91,14.35,0.15,1
2021-10-13,2.43,2.49,1.99,2.04,161048495,-0.39,0.5,-19.12,24.51,0.25,-1
2021-10-12,2.1,2.7,1.94,2.22,346180615,0.12,0.76,5.41,34.23,0.38,1
2021-10-11,1.37,2.15,1.36,2.14,204604560,0.77,0.79,35.98,36.92,0.39,1
2021-10-08,1.36,1.39,1.28,1.35,47681380,-0.01,0.11,-0.74,8.15,0.05,-1
2021-10-07,1.5,1.52,1.33,1.4,48211586,-0.1,0.19,-7.14,13.57,0.09,-1
2021-10-06,1.42,1.53,1.39,1.43,56122010,0.01,0.14,0.7,9.79,0.07,1
2021-10-05,1.55,1.56,1.21,1.36,99337371,-0.19,0.35,-13.97,25.74,0.18,-1
2021-10-04,1.74,2.17,1.34,1.4,239319153,-0.34,0.83,-24.29,59.29,0.41,-1
2021-10-01,1.89,2.2,1.56,1.79,249225462,-0.1,0.64,-5.59,35.75,0.32,1
2021-09-30,1.23,1.58,1.22,1.52,107105822,0.29,0.36,19.08,23.68,0.18,1
2021-09-29,0.89,1.08,0.89,1.08,22054311,0.19,0.19,17.25,17.59,0.1,1
2021-09-28,0.91,0.91,0.86,0.89,5769091,-0.02,0.05,-2.36,5.36,0.02,-1
2021-09-27,0.91,0.93,0.87,0.9,3826273,-0.01,0.06,-0.82,7.01,0.03,-1
2021-09-24,0.96,0.96,0.9,0.9,3993637,-0.06,0.06,-6.77,6.77,0.03,-1
2021-09-23,0.9,0.97,0.89,0.95,5388417,0.05,0.09,5.7,9.02,0.04,1
2021-09-22,0.93,0.93,0.89,0.9,6390372,-0.03,0.04,-2.79,4.77,0.02,-1
2021-09-21,0.95,0.97,0.92,0.92,6812491,-0.03,0.05,-3.17,5.36,0.02,-1
2021-09-20,0.96,1.02,0.94,0.94,11294133,-0.01,0.08,-1.36,8.88,0.04,-1
2021-09-17,1.04,1.05,1.0,1.01,6169288,-0.03,0.05,-2.84,4.95,0.03,-1
2021-09-16,0.97,1.09,0.94,1.03,16064018,0.06,0.15,6.29,14.47,0.07,1
2021-09-15,1.01,1.03,0.96,0.97,11654648,-0.04,0.08,-4.59,7.77,0.04,-1
2021-09-14,1.11,1.2,0.99,1.02,54336742,-0.09,0.21,-8.82,20.57,0.1,1
2021-09-13,0.99,1.01,0.93,0.94,9055960,-0.05,0.08,-5.72,8.35,0.04,-1
2021-09-10,1.05,1.06,1.01,1.02,4902092,-0.03,0.05,-2.94,5.05,0.03,-1
2021-09-09,0.99,1.08,0.99,1.06,6586213,0.07,0.09,6.6,8.49,0.05,-1
2021-09-08,1.05,1.09,0.97,1.06,10618081,0.01,0.12,0.85,11.66,0.06,-1
2021-09-07,1.18,1.19,1.06,1.07,12460978,-0.1,0.13,-9.81,12.15,0.06,-1
2021-09-03,1.06,1.25,1.05,1.11,26742617,0.05,0.2,4.5,18.02,0.1,1
2021-09-02,0.98,1.08,0.93,1.05,16070876,0.07,0.15,6.26,14.44,0.08,1
2021-09-01,0.93,1.07,0.91,0.98,35183085,0.05,0.16,4.91,16.37,0.08,1
2021-08-31,0.81,0.91,0.8,0.89,18656609,0.08,0.12,8.78,13.35,0.06,1
2021-08-30,0.78,0.86,0.76,0.8,18284033,0.02,0.11,2.5,13.55,0.05,1
2021-08-27,0.78,0.78,0.74,0.75,8150170,-0.03,0.03,-3.33,4.62,0.02,-1
2021-08-26,0.8,0.8,0.73,0.77,7861243,-0.03,0.06,-3.73,8.42,0.03,-1
2021-08-25,0.84,0.84,0.76,0.81,9397382,-0.03,0.07,-3.16,9.14,0.04,-1
2021-08-24,0.74,0.84,0.72,0.82,15695965,0.08,0.12,9.73,14.64,0.06,1
2021-08-23,0.69,0.76,0.69,0.76,20797564,0.06,0.07,8.36,9.51,0.04,1
2021-08-20,0.71,0.73,0.66,0.67,46214868,-0.03,0.07,-4.64,10.51,0.04,-1
2021-08-19,1.6,1.65,1.47,1.49,3138009,-0.11,0.18,-7.38,12.08,0.09,-1
2021-08-18,1.67,1.7,1.6,1.6,522810,-0.07,0.1,-4.37,6.25,0.05,-1
2021-08-17,1.52,1.75,1.5,1.68,1684697,0.16,0.25,9.52,14.88,0.12,1
2021-08-16,1.65,1.66,1.55,1.57,907781,-0.08,0.11,-5.1,7.01,0.05,-1
2021-08-13,1.68,1.71,1.51,1.66,1785072,-0.02,0.2,-1.2,12.05,0.1,-1
2021-08-12,1.82,1.84,1.72,1.74,1454914,-0.08,0.12,-4.6,6.9,0.06,-1
2021-08-11,1.85,1.85,1.77,1.81,828660,-0.04,0.08,-2.21,4.42,0.04,-1
2021-08-10,1.87,1.91,1.75,1.83,2150567,-0.04,0.16,-2.23,8.69,0.08,-1
2021-08-09,1.95,1.98,1.84,1.88,1683302,-0.07,0.14,-3.72,7.45,0.07,-1
2021-08-06,1.92,1.95,1.88,1.94,890605,0.02,0.07,1.03,3.81,0.04,-1
2021-08-05,1.89,1.98,1.81,1.95,2056284,0.06,0.17,3.08,8.71,0.08,1
2021-08-04,1.97,1.99,1.87,1.88,2056116,-0.09,0.12,-4.79,6.38,0.06,-1
2021-08-03,2.05,2.06,1.96,1.97,1445799,-0.08,0.1,-4.06,5.08,0.05,-1
2021-08-02,2.2,2.2,1.98,2.1,3768365,-0.1,0.23,-4.76,10.71,0.11,-1
2021-07-30,2.28,2.34,2.19,2.25,1126763,-0.03,0.15,-1.33,6.67,0.07,1
2021-07-29,2.48,2.58,2.18,2.21,3873965,-0.27,0.4,-12.22,18.1,0.2,-1
2021-07-28,2.4,2.56,2.4,2.45,993450,0.05,0.16,2.04,6.53,0.08,1
2021-07-27,2.53,2.6,2.36,2.42,1482534,-0.11,0.24,-4.36,9.75,0.12,-1
2021-07-26,2.46,2.71,2.46,2.56,1018885,0.1,0.25,3.91,9.77,0.12,1
2021-07-23,2.58,2.64,2.44,2.5,919462,-0.08,0.2,-3.2,8.0,0.1,-1
2021-07-22,2.49,2.66,2.46,2.58,1568241,0.09,0.2,3.49,7.75,0.1,1
2021-07-21,2.4,2.68,2.4,2.55,1652122,0.15,0.28,5.88,10.98,0.14,1
2021-07-20,2.54,2.63,2.39,2.39,3483873,-0.15,0.24,-6.28,10.04,0.12,-1
2021-07-19,2.37,2.6,2.34,2.57,2270539,0.2,0.26,7.78,10.12,0.13,1
2021-07-16,2.62,2.62,2.38,2.42,5129606,-0.2,0.25,-8.26,10.12,0.12,-1
2021-07-15,2.64,2.65,2.51,2.57,713847,-0.07,0.14,-2.72,5.44,0.07,-1
2021-07-14,2.85,2.9,2.6,2.63,1308194,-0.22,0.3,-8.37,11.41,0.15,-1
2021-07-13,3.01,3.07,2.85,2.88,1672731,-0.13,0.22,-4.51,7.64,0.11,-1
2021-07-12,3.08,3.13,2.96,3.01,1054821,-0.07,0.17,-2.33,5.65,0.08,-1
2021-07-09,3.01,3.2,2.96,3.03,2321228,0.02,0.24,0.66,7.92,0.12,1
2021-07-08,3.0,3.06,2.93,2.96,1180647,-0.04,0.13,-1.35,4.39,0.06,-1
2021-07-07,3.21,3.3,2.91,3.09,1620248,-0.12,0.39,-4.03,12.62,0.19,-1
2021-07-06,3.38,3.38,3.13,3.2,1299003,-0.18,0.25,-5.62,7.81,0.12,-1
2021-07-02,3.43,3.44,3.2,3.39,2188177,-0.04,0.24,-1.18,7.08,0.12,-1
2021-07-01,3.55,3.57,3.32,3.41,1207950,-0.14,0.25,-4.11,7.33,0.12,-1
2021-06-30,3.43,3.68,3.41,3.57,931540,0.14,0.27,3.92,7.56,0.14,1
2021-06-29,3.75,3.8,3.42,3.56,1740783,-0.19,0.38,-5.34,10.67,0.19,-1
2021-06-28,3.86,3.9,3.65,3.74,1771099,-0.12,0.25,-3.21,6.68,0.12,-1
2021-06-25,3.65,3.95,3.47,3.95,5695107,0.3,0.48,7.59,12.15,0.24,1
2021-06-24,3.41,3.74,3.27,3.55,5196398,0.14,0.47,3.99,13.24,0.24,1
2021-06-23,3.2,3.4,3.11,3.37,1825518,0.17,0.29,5.04,8.61,0.15,1
2021-06-22,3.33,3.38,3.11,3.25,1394702,-0.08,0.27,-2.43,8.31,0.14,-1
2021-06-21,3.01,3.25,2.81,3.25,2462505,0.24,0.44,7.38,13.54,0.22,1
2021-06-18,3.05,3.05,2.93,3.01,1273381,-0.04,0.12,-1.33,3.99,0.06,-1
2021-06-17,3.07,3.23,3.01,3.08,995424,0.01,0.22,0.32,7.14,0.11,-1
2021-06-16,3.05,3.14,2.92,3.14,1976373,0.09,0.22,2.87,7.01,0.11,-1
2021-06-15,3.23,3.28,2.9,3.14,3215075,-0.09,0.38,-2.87,11.94,0.19,-1
2021-06-14,3.24,3.69,3.02,3.17,10903793,-0.07,0.67,-2.32,21.13,0.33,-1
2021-06-11,2.61,3.4,2.6,3.21,22656951,0.6,0.8,18.69,24.92,0.4,1
2021-06-10,2.44,2.52,2.37,2.49,4083164,0.05,0.15,2.01,6.02,0.07,-1
2021-06-09,2.46,2.8,2.36,2.68,4417817,0.22,0.44,8.21,16.42,0.22,1
2021-06-08,2.37,2.42,2.28,2.36,2119189,-0.01,0.14,-0.42,5.93,0.07,-1
2021-06-07,2.21,2.38,2.2,2.37,4113795,0.16,0.18,6.75,7.59,0.09,1
2021-06-04,2.38,2.45,2.09,2.2,5934771,-0.18,0.36,-8.0,16.36,0.18,1
2021-06-03,2.19,2.2,2.04,2.11,4263370,-0.08,0.16,-3.79,7.58,0.08,-1
2021-06-02,2.6,2.64,2.15,2.19,3452741,-0.41,0.49,-18.72,22.37,0.25,-1
2021-06-01,2.69,2.86,2.61,2.86,546880,0.17,0.25,5.94,8.74,0.12,1
2021-05-28,2.66,2.75,2.48,2.59,370450,-0.07,0.27,-2.7,10.31,0.13,-1
2021-05-27,2.47,2.66,2.41,2.65,345182,0.18,0.25,6.79,9.45,0.13,1
2021-05-26,2.4,2.5,2.36,2.47,348896,0.07,0.14,2.83,5.67,0.07,1
2021-05-25,2.48,2.56,2.39,2.42,254689,-0.06,0.17,-2.48,7.02,0.08,-1
2021-05-24,2.49,2.5,2.27,2.49,518028,0.0,0.23,0.0,9.24,0.12,1
2021-05-21,2.7,2.78,2.41,2.45,651261,-0.25,0.37,-10.2,15.1,0.18,-1
2021-05-20,2.3,2.82,2.3,2.65,1987089,0.35,0.52,13.21,19.62,0.26,1
2021-05-19,2.2,2.25,2.11,2.24,1262979,0.04,0.14,1.79,6.25,0.07,1
2021-05-18,2.27,2.35,2.19,2.2,834222,-0.07,0.16,-3.18,7.27,0.08,-1
2021-05-17,2.37,2.42,2.2,2.26,518109,-0.11,0.22,-4.87,9.73,0.11,-1
2021-05-14,2.45,2.56,2.28,2.36,638019,-0.09,0.28,-3.81,11.86,0.14,1
2021-05-13,2.44,2.44,2.27,2.35,492728,-0.09,0.17,-3.83,7.23,0.08,-1
2021-05-12,2.48,2.67,2.38,2.39,430149,-0.09,0.29,-3.77,12.13,0.15,-1
2021-05-11,2.33,2.6,2.2,2.5,574140,0.17,0.4,6.8,16.0,0.2,1
2021-05-10,2.75,2.77,2.34,2.35,1101306,-0.4,0.43,-17.02,18.3,0.22,-1
2021-05-07,2.87,2.97,2.69,2.72,389710,-0.15,0.28,-5.51,10.29,0.14,-1
2021-05-06,3.05,3.05,2.75,2.86,745963,-0.19,0.3,-6.64,10.49,0.15,-1
2021-05-05,3.13,3.2,3.05,3.09,286723,-0.04,0.15,-1.3,4.99,0.08,-1
2021-05-04,3.33,3.35,3.03,3.13,410587,-0.2,0.32,-6.39,10.28,0.16,-1
2021-05-03,3.19,3.55,3.19,3.38,623055,0.19,0.36,5.62,10.65,0.18,1
2021-04-30,3.06,3.17,3.06,3.16,326604,0.1,0.11,3.16,3.48,0.05,1
2021-04-29,3.06,3.1,3.0,3.05,404614,-0.01,0.1,-0.33,3.28,0.05,1
2021-04-28,3.16,3.19,3.0,3.02,277012,-0.14,0.19,-4.64,6.29,0.09,-1
2021-04-27,3.14,3.25,3.02,3.15,362033,0.01,0.23,0.32,7.3,0.12,1
2021-04-26,3.06,3.16,2.94,3.14,491494,0.08,0.22,2.55,7.01,0.11,1
2021-04-23,3.03,3.09,2.98,3.04,370067,0.01,0.11,0.33,3.62,0.05,1
2021-04-22,3.1,3.18,2.98,3.02,388857,-0.08,0.2,-2.65,6.62,0.1,1
2021-04-21,3.01,3.16,2.93,2.99,445279,-0.02,0.23,-0.67,7.86,0.12,-1
2021-04-20,3.12,3.26,2.99,3.01,294041,-0.11,0.27,-3.65,8.97,0.13,-1
2021-04-19,3.39,3.39,3.03,3.18,342703,-0.21,0.36,-6.6,11.32,0.18,-1
2021-04-16,3.45,3.5,3.23,3.37,353931,-0.08,0.27,-2.37,8.14,0.14,-1
2021-04-15,3.49,3.54,3.31,3.41,320636,-0.08,0.23,-2.35,6.74,0.12,-1
2021-04-14,3.55,3.78,3.45,3.5,424663,-0.05,0.33,-1.43,9.43,0.16,-1
2021-04-13,3.74,3.75,3.45,3.52,331687,-0.22,0.3,-6.25,8.52,0.15,-1
2021-04-12,3.91,4.0,3.72,3.75,738487,-0.16,0.28,-4.27,7.47,0.14,-1
2021-04-09,4.1,4.1,3.84,3.87,332589,-0.23,0.26,-5.94,6.72,0.13,-1
2021-04-08,4.32,4.33,3.97,4.06,330152,-0.26,0.36,-6.4,8.87,0.18,-1
2021-04-07,4.61,4.65,4.21,4.24,285979,-0.37,0.44,-8.73,10.38,0.22,-1
2021-04-06,4.97,5.03,4.44,4.58,243364,-0.39,0.59,-8.52,12.88,0.29,-1
2021-04-05,4.94,5.13,4.9,4.93,445301,-0.01,0.23,-0.1,4.64,0.11,1
2021-04-01,4.8,5.09,4.7,4.92,293021,0.12,0.39,2.44,7.93,0.19,1
2021-03-31,4.71,4.88,4.55,4.76,214710,0.05,0.33,1.05,6.93,0.17,1
2021-03-30,4.59,4.68,4.3,4.62,270325,0.03,0.38,0.65,8.23,0.19,-1
2021-03-29,4.33,4.79,4.3,4.7,335488,0.37,0.49,7.87,10.43,0.25,1
2021-03-26,4.18,4.59,4.18,4.43,256287,0.25,0.41,5.64,9.26,0.21,1
2021-03-25,4.18,4.36,4.02,4.13,315733,-0.05,0.34,-1.21,8.23,0.17,1
2021-03-24,4.75,4.75,4.1,4.12,319073,-0.63,0.65,-15.29,15.78,0.33,-1
2021-03-23,4.87,4.89,4.56,4.68,141455,-0.19,0.33,-4.06,7.05,0.17,-1
2021-03-22,4.92,4.99,4.69,4.9,194455,-0.02,0.3,-0.41,6.12,0.15,1
2021-03-19,4.45,4.98,4.25,4.82,1721400,0.37,0.73,7.68,15.15,0.37,1
2021-03-18,4.94,4.98,4.28,4.39,512852,-0.55,0.7,-12.53,15.94,0.35,-1
2021-03-17,4.71,5.0,4.68,4.98,252819,0.27,0.32,5.42,6.33,0.16,1
2021-03-16,4.75,4.9,4.56,4.86,301614,0.11,0.34,2.26,7.0,0.17,1
2021-03-15,4.86,5.11,4.65,4.73,440092,-0.13,0.46,-2.82,9.73,0.23,-1
2021-03-12,4.3,4.87,4.25,4.84,343545,0.54,0.62,11.16,12.81,0.31,1
2021-03-11,4.25,4.48,4.15,4.41,347271,0.16,0.33,3.63,7.48,0.17,1
2021-03-10,4.26,4.46,4.11,4.15,503227,-0.11,0.35,-2.65,8.43,0.17,-1
2021-03-09,3.97,4.27,3.95,4.2,350231,0.23,0.32,5.48,7.62,0.16,1
2021-03-08,4.06,4.18,3.91,3.91,237221,-0.15,0.27,-3.84,6.91,0.13,-1
2021-03-05,4.1,4.14,3.6,3.99,529513,-0.11,0.53,-2.76,13.41,0.27,-1
2021-03-04,4.8,4.94,3.91,4.05,790867,-0.75,1.03,-18.52,25.43,0.51,-1
2021-03-03,5.41,5.41,4.73,4.77,948847,-0.64,0.68,-13.42,14.26,0.34,-1
2021-03-02,5.56,5.64,5.33,5.34,261185,-0.22,0.31,-4.12,5.81,0.15,-1
2021-03-01,5.46,5.8,5.46,5.49,314814,0.03,0.34,0.55,6.19,0.17,1
2021-02-26,5.41,5.61,5.4,5.47,317542,0.06,0.21,1.1,3.84,0.1,-1
2021-02-25,5.89,5.91,5.27,5.57,491474,-0.32,0.64,-5.75,11.49,0.32,-1
2021-02-24,5.75,5.99,5.52,5.87,276828,0.12,0.47,2.04,8.01,0.24,1
2021-02-23,5.82,5.96,5.25,5.56,576622,-0.26,0.71,-4.68,12.85,0.36,-1
2021-02-22,5.6,6.18,5.5,6.05,578736,0.45,0.68,7.44,11.24,0.34,1
2021-02-19,5.38,5.75,5.36,5.59,276885,0.21,0.39,3.76,6.98,0.19,1
2021-02-18,5.69,5.76,5.32,5.34,382530,-0.35,0.44,-6.55,8.24,0.22,-1
2021-02-17,5.67,5.85,5.6,5.7,344629,0.03,0.25,0.53,4.3,0.12,1
2021-02-16,5.65,5.79,5.54,5.66,352617,0.01,0.25,0.18,4.42,0.12,1
2021-02-12,5.77,5.87,5.52,5.6,374629,-0.17,0.35,-3.04,6.25,0.18,-1
2021-02-11,6.03,6.15,5.58,5.62,441438,-0.41,0.57,-7.3,10.12,0.28,-1
2021-02-10,6.25,6.33,5.8,5.98,453303,-0.27,0.53,-4.52,8.9,0.27,-1
2021-02-09,5.85,6.23,5.58,6.12,779751,0.27,0.65,4.41,10.62,0.33,1
2021-02-08,6.01,6.13,5.65,5.79,1480781,-0.22,0.48,-3.8,8.29,0.24,-1
2021-02-05,6.35,6.44,6.01,6.21,479599,-0.14,0.43,-2.25,6.9,0.21,-1
2021-02-04,6.55,6.68,6.22,6.25,410436,-0.3,0.46,-4.8,7.33,0.23,-1
2021-02-03,7.1,7.16,6.3,6.4,785041,-0.7,0.86,-10.94,13.51,0.43,-1
2021-02-02,7.05,7.25,6.75,7.08,243805,0.03,0.5,0.42,7.06,0.25,1
2021-02-01,6.86,7.22,6.85,7.0,218497,0.14,0.37,2.0,5.28,0.18,1
2021-01-29,7.22,7.26,6.75,6.88,268838,-0.34,0.51,-4.94,7.41,0.25,-1
2021-01-28,7.26,7.44,6.42,7.31,713545,0.05,1.02,0.68,13.95,0.51,1
2021-01-27,7.21,7.86,7.15,7.26,803452,0.05,0.71,0.69,9.78,0.36,-1
2021-01-26,6.41,7.47,6.22,7.27,1769515,0.86,1.25,11.83,17.19,0.62,1
2021-01-25,6.34,6.48,6.1,6.38,482485,0.04,0.38,0.63,5.96,0.19,1
2021-01-22,6.08,6.26,5.95,6.2,431108,0.12,0.31,1.94,5.0,0.15,-1
2021-01-21,6.24,6.33,5.97,6.22,458777,-0.02,0.36,-0.32,5.86,0.18,1
2021-01-20,6.36,6.78,6.05,6.11,536620,-0.25,0.73,-4.09,11.95,0.37,-1
2021-01-19,5.52,6.35,5.52,6.32,907695,0.8,0.83,12.66,13.16,0.42,1
2021-01-15,5.43,5.7,5.22,5.42,532879,-0.01,0.48,-0.18,8.86,0.24,1
2021-01-14,5.96,5.98,5.32,5.4,840217,-0.56,0.66,-10.37,12.28,0.33,-1
2021-01-13,6.01,6.1,5.63,5.76,494437,-0.25,0.47,-4.34,8.16,0.23,-1
2021-01-12,6.33,6.35,5.9,6.04,523372,-0.29,0.45,-4.8,7.48,0.23,-1
2021-01-11,6.2,6.74,6.2,6.28,416683,0.08,0.54,1.27,8.6,0.27,-1
2021-01-08,6.05,6.38,5.86,6.28,378326,0.23,0.52,3.66,8.36,0.26,1
2021-01-07,6.1,6.47,5.98,6.1,746841,0.0,0.49,0.0,8.03,0.24,1
2021-01-06,6.19,6.35,5.61,5.84,894155,-0.35,0.74,-5.99,12.67,0.37,-1
2021-01-05,5.27,6.22,5.0,5.99,2018946,0.72,1.22,12.02,20.45,0.61,1
2021-01-04,5.51,5.63,4.76,5.22,784956,-0.29,0.87,-5.56,16.68,0.44,-1
2020-12-31,5.17,5.38,4.95,5.31,418183,0.14,0.43,2.64,8.1,0.21,1
2020-12-30,4.78,5.5,4.67,5.25,898012,0.47,0.83,8.95,15.81,0.42,1
2020-12-29,5.41,5.45,4.7,4.77,1234182,-0.64,0.75,-13.42,15.7,0.37,-1
2020-12-28,6.09,6.4,5.26,5.35,1183194,-0.74,1.14,-13.83,21.31,0.57,-1
2020-12-24,6.66,6.75,5.8,6.0,807887,-0.66,0.95,-11.0,15.83,0.48,-1
2020-12-23,6.8,6.94,6.29,6.74,1070856,-0.06,0.65,-0.89,9.66,0.33,1
2020-12-22,6.8,7.55,6.5,6.68,2008397,-0.12,1.05,-1.8,15.72,0.52,-1
2020-12-21,6.28,6.92,5.21,6.85,2014384,0.57,1.71,8.32,24.96,0.86,1
2020-12-18,5.54,6.42,5.5,6.32,3443685,0.78,0.92,12.34,14.56,0.46,1
2020-12-17,5.0,5.67,4.94,5.44,2573096,0.44,0.73,8.09,13.42,0.36,1
2020-12-16,4.33,4.79,4.1,4.65,1737378,0.32,0.69,6.88,14.84,0.35,1
2020-12-15,4.2,4.34,3.91,4.16,941500,-0.04,0.43,-0.96,10.34,0.21,1
2020-12-14,5.0,5.06,4.02,4.13,2199244,-0.87,1.04,-21.07,25.25,0.52,-1
2020-12-11,4.2,4.88,4.07,4.73,4063961,0.53,0.81,11.21,17.12,0.4,1
2020-12-10,3.74,4.01,3.56,3.97,3080014,0.23,0.45,5.75,11.34,0.22,1
2020-12-09,3.56,3.56,3.34,3.47,1114239,-0.09,0.22,-2.59,6.34,0.11,1
2020-12-08,3.78,3.89,3.3,3.42,1050636,-0.36,0.59,-10.53,17.25,0.3,-1
2020-12-07,3.5,3.71,3.37,3.5,1613210,0.0,0.34,0.0,9.71,0.17,1
2020-12-04,3.3,3.35,3.18,3.27,961184,-0.03,0.17,-0.92,5.2,0.08,1
2020-12-03,3.18,3.31,3.08,3.26,2940608,0.08,0.23,2.6,7.04,0.12,-1
2020-12-02,3.67,3.68,3.27,3.28,709475,-0.38,0.41,-11.72,12.48,0.21,-1
2020-12-01,3.68,3.85,3.57,3.63,1068525,-0.05,0.28,-1.34,7.71,0.14,-1
2020-11-30,3.98,4.15,3.91,4.01,359866,0.03,0.24,0.75,5.99,0.12,1
2020-11-27,3.95,4.0,3.79,3.9,170023,-0.05,0.21,-1.28,5.38,0.1,-1
2020-11-25,4.03,4.15,3.84,3.91,293186,-0.12,0.31,-3.1,7.93,0.16,1
2020-11-24,3.8,4.2,3.66,3.9,449528,0.1,0.54,2.56,13.85,0.27,1
2020-11-23,4.01,4.03,3.64,3.64,438654,-0.37,0.39,-10.16,10.7,0.19,-1
2020-11-20,4.03,4.11,3.86,3.92,267632,-0.11,0.25,-2.81,6.29,0.12,-1
2020-11-19,4.11,4.24,3.97,4.0,158436,-0.11,0.27,-2.75,6.75,0.14,-1
2020-11-18,4.21,4.42,4.01,4.16,135139,-0.05,0.41,-1.2,9.86,0.21,-1
2020-11-17,4.46,4.53,4.18,4.21,104016,-0.25,0.35,-5.94,8.42,0.18,-1
2020-11-16,4.65,4.76,4.32,4.39,76103,-0.26,0.44,-5.92,10.02,0.22,-1
2020-11-13,4.49,4.84,4.39,4.47,130654,-0.02,0.45,-0.45,10.07,0.23,1
2020-11-12,4.79,4.89,4.3,4.39,67589,-0.4,0.59,-9.11,13.55,0.3,-1
2020-11-11,4.6,4.89,4.6,4.72,141878,0.12,0.29,2.54,6.14,0.15,1
2020-11-10,4.88,5.19,4.56,4.6,147761,-0.28,0.63,-6.09,13.7,0.32,-1
2020-11-09,5.1,5.25,4.58,4.87,115003,-0.23,0.67,-4.72,13.76,0.34,-1
2020-11-06,5.35,5.35,4.73,4.88,84764,-0.47,0.62,-9.63,12.7,0.31,-1
2020-11-05,4.26,5.14,4.22,5.1,120296,0.84,0.92,16.47,18.04,0.46,1
2020-11-04,4.31,4.53,4.0,4.32,132336,0.01,0.53,0.23,12.27,0.27,1
2020-11-03,4.52,4.69,4.26,4.3,72747,-0.22,0.43,-5.12,10.1,0.22,1
2020-11-02,5.18,5.18,4.24,4.27,202701,-0.91,0.94,-21.31,22.01,0.47,-1
2020-10-30,6.05,6.05,4.99,4.99,199045,-1.06,1.06,-21.24,21.24,0.53,-1
2020-10-29,7.72,7.72,5.92,5.96,468594,-1.76,1.8,-29.53,30.2,0.9,-1
2020-10-28,7.87,7.93,7.6,7.69,73212,-0.18,0.33,-2.34,4.29,0.17,-1
2020-10-27,8.12,8.2,7.9,7.91,24648,-0.21,0.29,-2.65,3.73,0.15,-1
2020-10-26,7.96,8.04,7.84,7.95,14274,-0.01,0.2,-0.13,2.45,0.1,1
2020-10-23,8.01,8.24,7.85,7.91,14754,-0.1,0.39,-1.26,4.93,0.2,1
2020-10-22,7.95,8.18,7.8,7.8,20572,-0.15,0.38,-1.92,4.87,0.19,-1
2020-10-21,8.26,8.57,7.92,7.99,57416,-0.27,0.65,-3.38,8.08,0.32,-1
2020-10-20,8.9,9.16,8.13,8.13,73443,-0.77,1.03,-9.47,12.67,0.51,-1
2020-10-19,9.14,9.16,8.83,8.96,11148,-0.18,0.33,-2.01,3.74,0.17,-1
2020-10-16,8.97,9.41,8.84,9.03,19658,0.06,0.57,0.66,6.31,0.29,1
2020-10-15,8.84,9.15,8.84,9.0,12650,0.16,0.31,1.78,3.44,0.16,1
2020-10-14,9.33,9.48,8.9,8.98,18966,-0.35,0.58,-3.9,6.46,0.29,-1
2020-10-13,9.17,9.17,8.74,9.14,50647,-0.03,0.43,-0.33,4.7,0.21,1
2020-10-12,9.26,9.32,9.0,9.13,22935,-0.13,0.32,-1.42,3.52,0.16,-1
2020-10-09,9.46,9.51,9.13,9.26,15961,-0.2,0.38,-2.11,4.1,0.19,-1
2020-10-08,9.28,9.54,9.28,9.48,43897,0.2,0.26,2.11,2.74,0.13,1
2020-10-07,9.1,9.56,9.01,9.22,27739,0.12,0.55,1.3,5.97,0.28,1
2020-10-06,9.29,9.29,9.04,9.09,24883,-0.2,0.25,-2.2,2.75,0.12,-1
2020-10-05,9.37,9.37,8.82,9.1,26704,-0.27,0.55,-2.97,6.0,0.27,-1
2020-10-02,9.09,9.3,8.76,9.29,49082,0.2,0.54,2.15,5.81,0.27,-1
2020-10-01,9.02,9.5,9.02,9.35,63673,0.33,0.48,3.53,5.13,0.24,1
2020-09-30,8.91,9.07,8.67,9.02,57103,0.11,0.4,1.22,4.43,0.2,1
2020-09-29,8.85,9.0,8.63,8.87,35232,0.02,0.37,0.23,4.17,0.18,1
2020-09-28,8.82,9.1,8.63,8.85,76082,0.03,0.47,0.34,5.31,0.23,1
2020-09-25,8.75,8.81,8.53,8.75,55615,0.0,0.28,0.0,3.2,0.14,1
2020-09-24,8.92,8.92,8.25,8.53,88165,-0.39,0.67,-4.57,7.85,0.34,-1
2020-09-23,8.25,8.97,8.12,8.71,151275,0.46,0.85,5.28,9.76,0.43,1
2020-09-22,8.45,8.56,8.22,8.3,27681,-0.15,0.34,-1.81,4.1,0.17,-1
2020-09-21,8.45,9.3,8.05,8.31,48054,-0.14,1.25,-1.68,15.04,0.62,-1
2020-09-18,9.24,9.4,8.43,8.48,498346,-0.76,0.97,-8.96,11.44,0.49,-1
2020-09-17,9.08,9.53,9.01,9.19,76182,0.11,0.52,1.2,5.66,0.26,-1
2020-09-16,9.3,9.66,9.17,9.21,41696,-0.09,0.49,-0.98,5.32,0.25,1
2020-09-15,9.53,9.75,9.04,9.16,246779,-0.37,0.71,-4.04,7.74,0.35,-1
2020-09-14,8.99,9.53,8.41,9.45,224477,0.46,1.12,4.87,11.85,0.56,1
2020-09-11,8.68,9.21,8.58,8.92,68061,0.24,0.63,2.69,7.06,0.32,1
2020-09-10,9.4,9.4,8.52,8.64,36026,-0.76,0.88,-8.8,10.19,0.44,-1
2020-09-09,8.98,9.66,8.98,9.6,69994,0.62,0.68,6.46,7.14,0.34,1
2020-09-08,9.28,9.62,8.36,8.99,93800,-0.29,1.26,-3.23,14.02,0.63,1
2020-09-04,8.33,8.98,8.1,8.9,66713,0.57,0.88,6.4,9.89,0.44,1
2020-09-03,8.92,8.98,8.11,8.29,75268,-0.63,0.87,-7.6,10.49,0.44,-1
2020-09-02,8.76,9.0,8.51,8.99,35997,0.23,0.49,2.61,5.45,0.25,-1
2020-09-01,9.22,9.22,8.51,9.05,33258,-0.17,0.71,-1.88,7.85,0.36,-1
2020-08-31,8.85,9.25,8.82,9.23,36121,0.38,0.43,4.12,4.66,0.21,1
2020-08-28,8.79,9.45,8.79,9.1,50950,0.31,0.66,3.41,7.25,0.33,1
2020-08-27,8.98,9.24,8.8,8.9,14025,-0.08,0.44,-0.9,4.94,0.22,-1
2020-08-26,8.78,9.03,8.78,8.98,18030,0.2,0.25,2.23,2.78,0.12,1
2020-08-25,9.03,9.2,8.66,8.78,22826,-0.25,0.54,-2.85,6.09,0.27,-1
2020-08-24,9.7,9.71,8.67,9.15,31730,-0.55,1.04,-6.01,11.37,0.52,1
2020-08-21,9.73,9.75,8.93,9.07,28519,-0.66,0.82,-7.28,9.04,0.41,-1
2020-08-20,8.85,9.55,8.52,9.55,44346,0.7,1.03,7.33,10.79,0.52,1
2020-08-19,9.56,9.68,8.8,8.85,72641,-0.71,0.88,-8.02,9.89,0.44,-1
2020-08-18,9.44,10.27,8.95,9.56,152418,0.12,1.32,1.26,13.81,0.66,1
2020-08-17,7.88,9.54,7.85,9.54,131267,1.66,1.69,17.4,17.71,0.84,1
2020-08-14,8.31,8.5,7.71,7.71,101745,-0.6,0.79,-7.78,10.25,0.4,-1
2020-08-13,9.04,9.38,8.85,8.95,40721,-0.09,0.53,-1.01,5.87,0.26,-1
2020-08-12,9.0,9.31,8.83,9.13,35245,0.13,0.48,1.42,5.26,0.24,1
2020-08-11,9.02,9.07,8.8,8.96,24126,-0.06,0.27,-0.67,3.01,0.13,-1
2020-08-10,8.89,9.14,8.89,9.1,41886,0.21,0.25,2.31,2.75,0.12,1
2020-08-07,8.99,9.1,8.64,9.09,17655,0.1,0.46,1.1,5.03,0.23,1
2020-08-06,8.62,9.14,8.62,9.0,28621,0.38,0.52,4.22,5.78,0.26,1
2020-08-05,9.05,9.09,8.69,8.74,49059,-0.31,0.4,-3.55,4.58,0.2,-1
2020-08-04,9.03,9.24,8.93,9.09,32746,0.06,0.31,0.66,3.41,0.16,1
2020-08-03,9.23,9.23,8.8,9.08,29800,-0.15,0.43,-1.65,4.74,0.21,-1
2020-07-31,8.53,9.11,8.45,9.11,75665,0.58,0.66,6.37,7.24,0.33,1
2020-07-30,8.64,8.85,8.4,8.77,27196,0.13,0.45,1.48,5.11,0.22,1
2020-07-29,8.46,8.62,8.16,8.29,58319,-0.17,0.46,-2.05,5.55,0.23,-1
2020-07-28,8.58,8.84,8.36,8.52,63187,-0.06,0.48,-0.7,5.63,0.24,-1
2020-07-27,9.02,9.02,8.65,8.7,44098,-0.32,0.37,-3.68,4.25,0.18,-1
2020-07-24,9.26,9.28,8.9,8.94,48919,-0.32,0.38,-3.58,4.25,0.19,-1
2020-07-23,8.81,9.3,8.8,9.01,126080,0.2,0.5,2.22,5.6,0.25,-1
2020-07-22,9.06,9.48,8.59,9.04,91229,-0.02,0.89,-0.22,9.85,0.45,-1
2020-07-21,10.13,10.52,8.86,9.05,200171,-1.08,1.66,-11.93,18.34,0.83,-1
2020-07-20,10.61,10.61,10.07,10.29,44586,-0.32,0.54,-3.11,5.25,0.27,-1
2020-07-17,10.98,11.0,10.27,10.71,84086,-0.27,0.73,-2.52,6.82,0.37,-1
2020-07-16,10.18,10.9,9.71,10.79,145616,0.61,1.19,5.65,11.03,0.59,1
2020-07-15,9.45,10.5,9.15,10.2,269161,0.75,1.35,7.35,13.24,0.67,1
2020-07-14,8.5,9.54,8.07,9.29,103091,0.79,1.47,8.5,15.79,0.73,1
2020-07-13,9.6,9.61,8.72,8.74,83934,-0.86,0.89,-9.84,10.18,0.44,-1
2020-07-10,9.19,9.63,8.84,9.53,51477,0.34,0.79,3.57,8.29,0.4,1
2020-07-09,10.02,10.02,8.99,9.25,123117,-0.77,1.03,-8.32,11.14,0.51,-1
2020-07-08,9.63,10.42,9.18,10.05,243889,0.42,1.24,4.18,12.34,0.62,1
2020-07-07,8.51,9.79,8.51,9.42,302159,0.91,1.28,9.66,13.59,0.64,1
2020-07-06,8.75,8.99,8.61,8.73,271859,-0.02,0.38,-0.23,4.35,0.19,-1
2020-07-02,8.39,9.0,7.9,8.8,390696,0.41,1.1,4.66,12.5,0.55,1
2020-07-01,9.07,9.07,7.63,7.98,827457,-1.09,1.44,-13.66,18.05,0.72,-1
2020-06-30,9.6,9.81,8.81,9.0,259100,-0.6,1.0,-6.67,11.11,0.5,-1
2020-06-29,9.83,10.18,9.16,9.75,192580,-0.08,1.02,-0.82,10.46,0.51,-1
2020-06-26,10.51,10.6,9.54,9.98,209071,-0.53,1.06,-5.31,10.62,0.53,-1
2020-06-25,11.5,11.5,10.25,10.5,369697,-1.0,1.25,-9.52,11.9,0.62,-1
2020-06-24,11.36,11.79,11.03,11.52,313506,0.16,0.76,1.39,6.56,0.38,1
2020-06-23,11.96,12.37,10.6,11.3,556572,-0.66,1.77,-5.84,15.7,0.89,-1
2020-06-22,13.89,13.95,11.76,11.97,580111,-1.92,2.19,-16.04,18.3,1.09,-1
2020-06-19,15.11,15.92,12.65,13.12,3023188,-1.99,3.27,-15.17,24.92,1.63,-1
