Date,Open,High,Low,Close,Volume,Change,Delta,Change_Ratio,Delta_Ratio,Variance,momentum
2023-08-31,49.45,50.49,49.2,49.86,537412,0.41,1.29,0.82,2.59,0.64,1
2023-08-30,48.98,49.74,48.92,49.3,351376,0.32,0.82,0.65,1.66,0.41,1
2023-08-29,48.83,49.56,48.52,48.85,269034,0.02,1.04,0.04,2.13,0.52,-1
2023-08-28,50.62,51.04,48.78,49.03,282532,-1.59,2.27,-3.24,4.62,1.13,-1
2023-08-25,50.25,50.78,49.36,50.57,422788,0.32,1.42,0.63,2.82,0.71,1
2023-08-24,49.77,50.0,49.13,49.65,242279,-0.12,0.87,-0.24,1.75,0.43,-1
2023-08-23,49.5,50.45,49.5,49.76,313866,0.26,0.95,0.52,1.91,0.48,1
2023-08-22,50.55,51.36,49.02,49.34,991109,-1.21,2.34,-2.45,4.74,1.17,-1
2023-08-21,49.98,51.43,49.44,50.55,508093,0.57,1.99,1.13,3.95,1.0,1
2023-08-18,47.93,50.01,47.76,49.29,329285,1.36,2.25,2.76,4.56,1.12,1
2023-08-17,50.17,50.17,48.51,48.56,397324,-1.61,1.66,-3.32,3.42,0.83,-1
2023-08-16,51.29,51.77,49.55,49.6,380985,-1.69,2.22,-3.41,4.48,1.11,-1
2023-08-15,51.28,52.0,50.72,51.45,435201,0.17,1.28,0.33,2.5,0.64,1
2023-08-14,48.31,51.33,48.31,51.26,436252,2.95,3.02,5.75,5.89,1.51,1
2023-08-11,49.2,50.54,48.42,49.38,545765,0.18,2.12,0.36,4.29,1.06,-1
2023-08-10,47.5,50.32,47.33,49.4,799841,1.9,2.99,3.85,6.05,1.5,1
2023-08-09,46.89,48.47,46.86,48.0,432089,1.11,1.6,2.31,3.34,0.8,1
2023-08-08,46.93,47.79,46.51,46.9,787761,-0.03,1.28,-0.06,2.73,0.64,-1
2023-08-07,50.02,50.46,46.87,47.14,853500,-2.88,3.59,-6.11,7.61,1.79,-1
2023-08-04,50.67,51.24,49.55,49.84,607527,-0.83,1.69,-1.67,3.39,0.85,-1
2023-08-03,54.23,54.4,49.72,50.88,1917781,-3.35,4.68,-6.59,9.2,2.34,-1
2023-08-02,59.31,60.87,54.23,54.3,3212517,-5.01,6.64,-9.23,12.23,3.32,-1
2023-08-01,65.71,65.79,63.49,64.14,1202132,-1.57,2.3,-2.45,3.59,1.15,-1
2023-07-31,65.19,68.0,64.96,66.0,1535466,0.81,3.04,1.23,4.61,1.52,1
2023-07-28,60.67,64.03,60.67,63.12,721489,2.45,3.36,3.88,5.32,1.68,1
2023-07-27,59.91,60.75,58.92,59.74,595769,-0.17,1.82,-0.28,3.05,0.91,1
2023-07-26,59.13,60.27,58.71,59.1,622280,-0.03,1.56,-0.05,2.64,0.78,1
2023-07-25,57.62,59.35,57.48,58.86,896469,1.24,1.88,2.11,3.19,0.94,1
2023-07-24,58.26,58.67,57.15,57.81,577666,-0.45,1.52,-0.78,2.63,0.76,-1
2023-07-21,58.41,58.74,57.67,58.14,875701,-0.27,1.07,-0.46,1.84,0.54,-1
2023-07-20,57.55,58.96,57.32,58.4,506780,0.85,1.63,1.46,2.8,0.82,1
2023-07-19,57.54,58.45,57.43,57.57,517248,0.03,1.02,0.05,1.77,0.51,1
2023-07-18,57.84,58.51,57.27,57.28,394996,-0.56,1.24,-0.98,2.16,0.62,-1
2023-07-17,57.8,59.09,57.31,57.89,371587,0.09,1.78,0.16,3.07,0.89,1
2023-07-14,59.0,59.0,57.52,57.61,358895,-1.39,1.48,-2.41,2.57,0.74,-1
2023-07-13,59.7,60.18,58.93,59.09,376366,-0.61,1.25,-1.03,2.12,0.62,-1
2023-07-12,59.02,59.61,57.52,59.58,1158085,0.56,2.09,0.94,3.51,1.04,1
2023-07-11,58.8,59.0,57.88,58.25,609805,-0.55,1.12,-0.94,1.93,0.56,-1
2023-07-10,59.34,60.46,58.62,59.07,602020,-0.27,1.84,-0.46,3.11,0.92,-1
2023-07-07,59.31,60.61,59.25,59.8,452419,0.49,1.36,0.82,2.27,0.68,1
2023-07-06,61.24,61.87,58.94,59.48,770483,-1.76,2.93,-2.96,4.93,1.46,-1
2023-07-05,62.46,63.0,61.56,61.62,623068,-0.84,1.44,-1.36,2.34,0.72,-1
2023-07-03,62.83,63.8,62.14,62.91,351850,0.08,1.66,0.13,2.64,0.83,-1
2023-06-30,66.25,66.71,63.03,63.2,725799,-3.05,3.68,-4.83,5.82,1.84,-1
2023-06-29,65.25,66.78,64.87,66.37,521522,1.12,1.91,1.69,2.88,0.95,1
2023-06-28,63.02,65.21,62.34,65.09,472032,2.07,2.87,3.18,4.41,1.43,1
2023-06-27,63.11,63.69,62.32,62.99,677241,-0.12,1.36,-0.19,2.17,0.68,1
2023-06-26,63.82,63.87,61.84,62.72,642530,-1.1,2.03,-1.75,3.24,1.02,-1
2023-06-23,63.5,64.3,63.03,63.82,920865,0.32,1.27,0.5,1.99,0.63,-1
2023-06-22,63.28,65.2,63.2,64.08,787520,0.8,2.0,1.25,3.12,1.0,1
2023-06-21,63.75,64.96,62.15,63.66,726522,-0.09,2.81,-0.14,4.41,1.4,-1
2023-06-20,61.31,64.48,61.04,64.0,659500,2.69,3.44,4.2,5.38,1.72,1
2023-06-16,62.25,62.25,60.3,61.31,1800210,-0.94,1.95,-1.53,3.18,0.98,1
2023-06-15,58.19,61.0,57.68,60.89,607231,2.7,3.32,4.43,5.46,1.66,1
2023-06-14,58.49,59.12,57.26,58.76,458593,0.27,1.86,0.46,3.17,0.93,1
2023-06-13,57.99,59.42,57.42,58.3,415141,0.31,2.0,0.53,3.43,1.0,1
2023-06-12,58.57,58.91,57.2,57.63,293700,-0.94,1.71,-1.63,2.97,0.85,-1
2023-06-09,56.69,59.15,56.57,58.47,411762,1.78,2.58,3.04,4.41,1.29,1
2023-06-08,59.49,60.12,56.44,56.61,504932,-2.88,3.69,-5.09,6.51,1.84,-1
2023-06-07,58.25,60.98,57.84,60.03,1686397,1.78,3.14,2.97,5.23,1.57,1
2023-06-06,56.25,58.41,55.64,58.0,950419,1.75,2.77,3.02,4.78,1.39,1
2023-06-05,52.05,56.16,51.52,56.02,1481210,3.97,4.64,7.09,8.28,2.32,-1
2023-06-02,57.02,58.64,56.34,58.22,381347,1.2,2.3,2.06,3.96,1.15,1
2023-06-01,56.49,57.45,55.66,56.79,367664,0.3,1.79,0.53,3.15,0.9,1
2023-05-31,56.66,58.4,54.95,56.52,577491,-0.14,3.45,-0.25,6.1,1.72,1
2023-05-30,57.88,58.26,56.05,56.41,511209,-1.47,2.21,-2.61,3.92,1.11,-1
2023-05-26,54.3,58.06,53.92,57.75,792548,3.45,4.15,5.97,7.18,2.07,1
2023-05-25,58.18,58.18,54.24,54.28,529673,-3.9,3.94,-7.18,7.26,1.97,-1
2023-05-24,58.28,58.5,56.76,58.0,688515,-0.28,1.74,-0.48,3.0,0.87,-1
2023-05-23,57.66,59.89,57.55,58.5,1303697,0.84,2.34,1.44,4.0,1.17,1
2023-05-22,55.24,56.37,51.18,56.25,1185483,1.01,5.19,1.8,9.23,2.6,1
2023-05-19,54.55,55.5,54.22,54.74,292611,0.19,1.28,0.35,2.34,0.64,1
2023-05-18,53.76,54.57,52.76,53.96,329725,0.2,1.8,0.37,3.35,0.9,-1
2023-05-17,54.23,54.65,52.88,54.46,330116,0.23,1.77,0.42,3.25,0.88,1
2023-05-16,53.9,54.29,52.84,53.84,430324,-0.06,1.45,-0.11,2.68,0.72,-1
2023-05-15,54.39,55.59,54.02,55.14,549111,0.75,1.57,1.36,2.85,0.79,1
2023-05-12,53.51,54.08,52.82,54.02,324968,0.51,1.26,0.94,2.33,0.63,1
2023-05-11,53.87,54.14,53.02,53.41,332297,-0.46,1.12,-0.86,2.1,0.56,-1
2023-05-10,54.97,55.04,53.7,53.93,315876,-1.04,1.34,-1.93,2.48,0.67,-1
2023-05-09,54.36,55.63,54.17,54.23,524360,-0.13,1.46,-0.24,2.69,0.73,-1
2023-05-08,55.82,55.83,53.88,54.7,611183,-1.12,1.95,-2.05,3.56,0.97,-1
2023-05-05,59.29,59.34,55.82,56.23,890219,-3.06,3.52,-5.44,6.25,1.76,-1
2023-05-04,51.09,60.0,51.09,58.41,1396228,7.32,8.91,12.53,15.25,4.45,1
2023-05-03,50.43,52.98,50.04,51.88,612582,1.45,2.94,2.79,5.68,1.47,1
2023-05-02,51.56,51.7,49.81,49.89,623312,-1.67,1.89,-3.35,3.79,0.95,-1
2023-05-01,51.28,52.8,51.04,51.5,663209,0.22,1.75,0.43,3.41,0.88,1
2023-04-28,48.33,51.14,47.42,51.05,520129,2.72,3.73,5.33,7.3,1.86,1
2023-04-27,49.21,49.3,48.21,48.62,492230,-0.59,1.09,-1.21,2.24,0.54,-1
2023-04-26,48.99,49.24,47.89,49.02,377252,0.03,1.35,0.06,2.75,0.68,1
2023-04-25,47.56,48.94,47.51,48.85,464663,1.29,1.43,2.64,2.93,0.71,1
2023-04-24,48.82,49.05,47.66,48.05,372652,-0.77,1.39,-1.6,2.9,0.7,-1
2023-04-21,48.35,49.54,47.86,49.05,360146,0.7,1.67,1.43,3.41,0.84,1
2023-04-20,47.8,48.64,47.37,48.16,316791,0.36,1.27,0.75,2.64,0.64,-1
2023-04-19,48.57,49.8,48.33,48.46,485014,-0.11,1.47,-0.23,3.03,0.73,-1
2023-04-18,48.62,48.99,47.38,48.96,579124,0.34,1.61,0.69,3.29,0.8,1
2023-04-17,47.36,48.97,46.99,48.27,540595,0.91,1.98,1.89,4.1,0.99,1
2023-04-14,46.82,47.38,45.97,46.86,389705,0.04,1.41,0.09,3.0,0.7,-1
2023-04-13,44.0,47.49,43.82,46.95,498365,2.95,3.68,6.28,7.83,1.84,1
2023-04-12,44.86,45.23,43.49,43.8,274301,-1.06,1.74,-2.42,3.97,0.87,-1
2023-04-11,42.38,44.47,42.26,44.19,423325,1.81,2.21,4.1,5.0,1.11,1
2023-04-10,43.54,43.54,41.75,42.38,356261,-1.16,1.79,-2.74,4.22,0.89,-1
2023-04-06,42.57,43.97,41.78,43.83,382365,1.26,2.19,2.87,5.0,1.09,1
2023-04-05,42.1,42.86,41.54,42.39,719713,0.29,1.31,0.68,3.1,0.66,1
2023-04-04,44.62,44.63,41.59,42.2,790598,-2.42,3.04,-5.73,7.2,1.52,-1
2023-04-03,44.75,45.96,44.23,44.52,415231,-0.23,1.73,-0.52,3.89,0.87,-1
2023-03-31,44.66,45.74,44.32,44.99,470742,0.33,1.42,0.73,3.16,0.71,1
2023-03-30,45.56,45.98,43.8,44.29,429110,-1.27,2.18,-2.87,4.92,1.09,-1
2023-03-29,42.92,45.3,42.46,44.97,573220,2.05,2.83,4.56,6.3,1.42,1
2023-03-28,43.15,43.67,42.4,42.57,367446,-0.58,1.27,-1.36,3.0,0.64,-1
2023-03-27,43.61,45.0,43.18,43.32,406623,-0.29,1.81,-0.67,4.18,0.9,-1
2023-03-24,43.18,43.75,42.32,43.48,494363,0.3,1.42,0.69,3.28,0.71,-1
2023-03-23,44.0,45.38,42.77,43.61,601554,-0.39,2.61,-0.89,5.98,1.3,1
2023-03-22,45.37,45.96,43.42,43.52,478011,-1.85,2.54,-4.25,5.84,1.27,-1
2023-03-21,46.19,46.63,45.18,45.52,446768,-0.67,1.45,-1.47,3.19,0.73,1
2023-03-20,44.88,45.58,44.08,45.31,362548,0.43,1.5,0.95,3.31,0.75,1
2023-03-17,44.76,45.63,44.0,45.09,999167,0.33,1.63,0.73,3.61,0.82,1
2023-03-16,45.05,45.92,44.01,44.99,627807,-0.06,1.91,-0.13,4.25,0.96,-1
2023-03-15,45.78,46.9,44.75,45.16,491087,-0.62,2.14,-1.37,4.74,1.07,-1
2023-03-14,44.83,46.64,44.27,46.36,841486,1.53,2.36,3.3,5.1,1.18,1
2023-03-13,41.56,44.56,41.56,43.82,582816,2.26,3.0,5.16,6.85,1.5,1
2023-03-10,43.21,43.21,40.48,42.0,729648,-1.21,2.73,-2.88,6.5,1.37,-1
2023-03-09,43.89,44.4,42.6,43.16,514081,-0.73,1.8,-1.69,4.18,0.9,-1
2023-03-08,44.42,44.64,43.3,43.9,366826,-0.52,1.34,-1.18,3.04,0.67,-1
2023-03-07,43.22,44.79,42.51,44.43,458049,1.21,2.28,2.72,5.13,1.14,1
2023-03-06,45.72,46.65,43.06,43.42,1264475,-2.3,3.59,-5.3,8.27,1.79,-1
2023-03-03,43.68,48.95,43.68,47.45,1465313,3.77,5.27,7.95,11.11,2.64,1
2023-03-02,42.83,43.56,42.25,43.21,520654,0.38,1.31,0.88,3.03,0.66,1
2023-03-01,42.56,44.04,42.44,43.15,487748,0.59,1.6,1.37,3.71,0.8,1
2023-02-28,40.53,43.06,40.3,42.37,906815,1.84,2.76,4.34,6.51,1.38,1
2023-02-27,38.38,40.73,38.33,40.52,1311601,2.14,2.4,5.28,5.92,1.2,1
2023-02-24,40.94,40.94,37.82,37.97,1240613,-2.97,3.12,-7.82,8.22,1.56,-1
2023-02-23,42.55,42.64,41.03,41.57,574539,-0.98,1.61,-2.36,3.87,0.8,-1
2023-02-22,43.41,44.44,42.56,42.84,475151,-0.57,1.88,-1.33,4.39,0.94,-1
2023-02-21,45.63,45.81,43.27,43.51,875529,-2.12,2.54,-4.87,5.84,1.27,-1
2023-02-17,44.71,46.58,43.93,46.22,708203,1.51,2.65,3.27,5.73,1.32,1
2023-02-16,44.92,45.98,43.59,44.71,654809,-0.21,2.39,-0.47,5.35,1.19,1
2023-02-15,44.35,44.35,43.42,44.03,459891,-0.32,0.94,-0.73,2.12,0.47,-1
2023-02-14,44.14,45.26,43.33,44.46,508487,0.32,1.93,0.72,4.34,0.96,1
2023-02-13,43.19,43.99,42.09,43.97,452731,0.78,1.9,1.77,4.32,0.95,1
2023-02-10,41.92,43.24,41.16,43.06,1058566,1.14,2.08,2.65,4.83,1.04,-1
2023-02-09,44.41,45.3,43.98,44.29,357278,-0.12,1.32,-0.27,2.99,0.66,1
2023-02-08,45.79,46.12,43.93,44.07,330011,-1.72,2.19,-3.9,4.97,1.09,-1
2023-02-07,45.42,46.04,44.4,45.85,411727,0.43,1.64,0.94,3.58,0.82,1
2023-02-06,45.53,46.61,45.12,45.67,363108,0.14,1.49,0.31,3.26,0.75,1
2023-02-03,48.05,49.31,44.83,45.65,807169,-2.4,4.48,-5.26,9.81,2.24,-1
2023-02-02,46.87,49.09,46.3,49.06,519194,2.19,2.79,4.46,5.68,1.39,1
2023-02-01,46.35,46.68,45.02,46.05,562257,-0.3,1.66,-0.65,3.6,0.83,-1
2023-01-31,46.71,47.68,46.28,46.74,385907,0.03,1.4,0.06,3.0,0.7,1
2023-01-30,47.54,48.26,46.29,46.71,330889,-0.83,1.97,-1.78,4.22,0.98,-1
2023-01-27,47.23,48.0,47.01,47.78,282590,0.55,0.99,1.15,2.08,0.5,1
2023-01-26,47.04,47.83,46.09,47.75,369763,0.71,1.74,1.49,3.64,0.87,1
2023-01-25,47.68,47.94,46.02,46.65,305124,-1.03,1.92,-2.21,4.12,0.96,-1
2023-01-24,46.51,47.99,45.73,47.97,413570,1.46,2.26,3.04,4.71,1.13,1
2023-01-23,46.58,47.18,45.11,46.51,583834,-0.07,2.07,-0.15,4.45,1.03,-1
2023-01-20,47.07,47.35,45.96,46.69,421789,-0.38,1.39,-0.81,2.98,0.7,1
2023-01-19,46.56,47.67,45.03,46.4,437164,-0.16,2.64,-0.34,5.69,1.32,-1
2023-01-18,47.63,48.72,46.54,46.65,633887,-0.98,2.18,-2.1,4.67,1.09,-1
2023-01-17,47.58,48.19,46.54,47.37,463134,-0.21,1.65,-0.44,3.48,0.82,-1
2023-01-13,49.45,51.07,46.6,47.85,717875,-1.6,4.47,-3.34,9.34,2.23,-1
2023-01-12,46.82,50.41,46.45,50.0,502186,3.18,3.96,6.36,7.92,1.98,1
2023-01-11,47.09,47.96,46.3,46.82,616916,-0.27,1.66,-0.58,3.56,0.83,-1
2023-01-10,45.8,47.25,45.73,47.19,340181,1.39,1.52,2.95,3.22,0.76,1
2023-01-09,47.26,47.42,45.75,45.78,371344,-1.48,1.67,-3.23,3.65,0.84,-1
2023-01-06,46.41,47.64,44.81,46.87,304141,0.46,2.84,0.98,6.05,1.42,-1
2023-01-05,47.7,48.0,46.14,47.01,584992,-0.69,1.86,-1.47,3.96,0.93,-1
2023-01-04,43.69,47.44,43.69,47.37,484833,3.68,3.75,7.77,7.92,1.88,1
2023-01-03,45.46,45.47,42.86,43.3,478814,-2.16,2.6,-4.99,6.02,1.3,-1
2022-12-30,42.38,43.87,41.95,43.81,441431,1.43,1.92,3.26,4.38,0.96,1
2022-12-29,42.5,43.96,41.97,43.0,529992,0.5,2.0,1.16,4.64,1.0,1
2022-12-28,41.85,42.92,41.72,42.18,362518,0.33,1.2,0.78,2.84,0.6,1
2022-12-27,43.98,43.98,41.87,41.92,299031,-2.06,2.12,-4.91,5.05,1.06,-1
2022-12-23,44.46,44.69,43.1,44.15,452617,-0.31,1.59,-0.7,3.6,0.79,-1
2022-12-22,43.85,44.93,43.18,44.6,453461,0.75,1.75,1.68,3.92,0.88,1
2022-12-21,44.17,45.48,43.85,44.54,516702,0.37,1.62,0.83,3.65,0.81,1
2022-12-20,42.61,44.57,42.61,43.79,474111,1.18,1.96,2.69,4.48,0.98,1
2022-12-19,44.72,45.47,42.33,42.97,589878,-1.75,3.14,-4.07,7.31,1.57,-1
2022-12-16,44.66,45.77,43.39,45.22,1616260,0.56,2.38,1.24,5.26,1.19,1
2022-12-15,45.99,46.53,44.53,45.11,478963,-0.88,2.0,-1.95,4.43,1.0,-1
2022-12-14,47.48,48.2,46.3,46.73,444622,-0.75,1.9,-1.6,4.07,0.95,1
2022-12-13,46.67,47.4,45.18,46.6,470487,-0.07,2.23,-0.15,4.77,1.11,1
2022-12-12,47.31,47.31,45.02,45.42,659939,-1.89,2.29,-4.16,5.04,1.14,-1
2022-12-09,46.59,47.51,46.38,47.24,427708,0.65,1.13,1.38,2.39,0.56,1
2022-12-08,46.84,47.11,45.32,46.78,568667,-0.06,1.79,-0.13,3.83,0.89,-1
2022-12-07,48.11,48.58,46.68,46.85,371965,-1.26,1.9,-2.69,4.06,0.95,-1
2022-12-06,49.97,50.11,48.0,48.51,510685,-1.46,2.11,-3.01,4.35,1.05,-1
2022-12-05,48.55,50.53,47.5,50.19,821614,1.64,3.03,3.27,6.03,1.51,1
2022-12-02,46.9,49.04,46.65,48.93,651513,2.03,2.39,4.15,4.88,1.2,1
2022-12-01,47.79,48.45,47.3,47.49,599079,-0.3,1.15,-0.63,2.42,0.58,-1
2022-11-30,46.93,47.93,45.58,47.79,614313,0.86,2.35,1.8,4.93,1.18,1
2022-11-29,45.38,46.94,45.38,46.6,922314,1.22,1.56,2.62,3.35,0.78,1
2022-11-28,44.78,45.81,44.41,45.23,614656,0.45,1.4,0.99,3.1,0.7,1
2022-11-25,44.32,45.17,44.15,44.89,173508,0.57,1.02,1.27,2.27,0.51,1
2022-11-23,43.67,46.15,43.67,44.83,697168,1.16,2.48,2.59,5.53,1.24,1
2022-11-22,43.24,44.07,42.3,43.57,551893,0.33,1.77,0.76,4.05,0.88,1
2022-11-21,42.1,43.41,41.73,43.2,709814,1.1,1.68,2.55,3.89,0.84,1
2022-11-18,43.34,43.35,41.93,42.47,461880,-0.87,1.42,-2.05,3.34,0.71,-1
2022-11-17,42.04,42.71,41.06,42.55,491333,0.51,1.65,1.2,3.88,0.82,-1
2022-11-16,43.46,43.71,42.37,42.55,544613,-0.91,1.34,-2.14,3.15,0.67,-1
2022-11-15,43.06,43.89,42.86,43.63,533772,0.57,1.03,1.31,2.36,0.52,1
2022-11-14,43.64,43.9,41.74,41.83,478735,-1.81,2.16,-4.33,5.18,1.08,-1
2022-11-11,43.1,44.26,42.52,43.64,483295,0.54,1.74,1.24,3.99,0.87,1
2022-11-10,43.35,44.05,42.44,43.47,797632,0.12,1.61,0.28,3.7,0.8,1
2022-11-09,42.51,42.54,40.78,41.06,443077,-1.45,1.76,-3.53,4.29,0.88,-1
2022-11-08,43.38,43.85,41.95,42.76,600789,-0.62,1.9,-1.45,4.44,0.95,-1
2022-11-07,42.23,44.14,42.14,42.77,886238,0.54,2.0,1.26,4.68,1.0,1
2022-11-04,44.57,44.57,41.3,42.02,962613,-2.55,3.27,-6.07,7.78,1.64,-1
2022-11-03,45.24,46.41,43.92,43.97,681463,-1.27,2.49,-2.89,5.66,1.24,-1
2022-11-02,46.83,48.35,45.13,46.1,1355523,-0.73,3.22,-1.58,6.98,1.61,-1
2022-11-01,53.81,53.81,48.08,48.24,1583819,-5.57,5.73,-11.55,11.88,2.87,-1
2022-10-31,52.51,53.7,51.8,51.84,814224,-0.67,1.91,-1.29,3.67,0.95,-1
2022-10-28,50.97,53.13,50.22,53.04,870168,2.07,2.91,3.9,5.5,1.46,1
2022-10-27,50.5,51.5,49.77,50.56,757095,0.06,1.73,0.12,3.42,0.86,1
2022-10-26,49.55,51.63,49.43,49.93,605835,0.38,2.2,0.76,4.41,1.1,1
2022-10-25,48.86,49.68,48.62,49.24,871764,0.38,1.06,0.77,2.15,0.53,1
2022-10-24,49.78,49.78,46.88,48.43,1156183,-1.35,2.9,-2.79,5.99,1.45,-1
2022-10-21,49.35,50.03,48.63,49.66,705292,0.31,1.4,0.62,2.82,0.7,1
2022-10-20,49.99,51.2,48.84,49.05,923348,-0.94,2.35,-1.92,4.8,1.18,-1
2022-10-19,51.16,52.34,49.68,49.89,2294372,-1.27,2.66,-2.55,5.33,1.33,-1
2022-10-18,54.49,55.2,52.23,52.27,666724,-2.22,2.97,-4.25,5.68,1.49,-1
2022-10-17,53.01,54.45,52.09,53.81,886363,0.8,2.36,1.49,4.39,1.18,1
2022-10-14,53.12,53.97,51.25,51.98,585500,-1.14,2.72,-2.19,5.23,1.36,-1
2022-10-13,51.52,53.27,50.3,52.09,752550,0.57,2.97,1.09,5.7,1.49,-1
2022-10-12,52.38,53.19,50.18,53.0,903724,0.62,3.0,1.17,5.67,1.5,1
2022-10-11,54.86,55.0,50.95,52.35,949032,-2.51,4.05,-4.79,7.74,2.02,-1
2022-10-10,58.95,58.95,55.0,55.18,715632,-3.77,3.95,-6.83,7.16,1.98,-1
2022-10-07,62.48,62.63,58.9,59.0,663450,-3.48,3.73,-5.9,6.32,1.87,-1
2022-10-06,64.48,65.0,62.76,62.83,542833,-1.65,2.24,-2.63,3.57,1.12,-1
2022-10-05,65.73,66.29,63.54,65.0,658520,-0.73,2.75,-1.12,4.23,1.38,-1
2022-10-04,67.3,68.63,66.23,66.48,776362,-0.82,2.4,-1.23,3.61,1.2,1
2022-10-03,66.83,67.53,64.97,66.42,311465,-0.41,2.56,-0.62,3.85,1.28,1
2022-09-30,65.86,68.3,65.85,65.89,390775,0.03,2.45,0.05,3.72,1.23,1
2022-09-29,67.2,67.39,63.39,65.86,417578,-1.34,4.0,-2.03,6.07,2.0,-1
2022-09-28,67.22,68.32,66.54,67.91,725550,0.69,1.78,1.02,2.62,0.89,1
2022-09-27,64.6,67.16,63.94,66.34,470751,1.74,3.22,2.62,4.85,1.61,1
2022-09-26,65.22,66.74,62.92,63.12,481271,-2.1,3.82,-3.33,6.05,1.91,-1
2022-09-23,66.75,66.83,63.9,65.57,500382,-1.18,2.93,-1.8,4.47,1.46,-1
2022-09-22,67.49,68.34,65.17,67.1,465957,-0.39,3.17,-0.58,4.72,1.59,-1
2022-09-21,70.62,71.32,68.01,68.09,415550,-2.53,3.31,-3.72,4.86,1.65,-1
2022-09-20,69.83,71.53,69.32,70.24,396998,0.41,2.21,0.58,3.15,1.11,1
2022-09-19,69.01,70.16,68.2,70.11,399951,1.1,1.96,1.57,2.8,0.98,1
2022-09-16,71.32,71.37,68.1,69.23,1248893,-2.09,3.28,-3.02,4.73,1.64,-1
2022-09-15,72.3,72.74,70.76,72.59,551943,0.29,1.98,0.4,2.73,0.99,1
2022-09-14,72.14,74.26,69.3,72.52,590668,0.38,4.96,0.52,6.84,2.48,1
2022-09-13,73.58,74.14,69.2,70.74,769397,-2.84,4.94,-4.01,6.98,2.47,-1
2022-09-12,76.06,76.06,73.74,75.47,624108,-0.59,2.33,-0.78,3.08,1.16,-1
2022-09-09,77.86,78.02,76.01,76.07,606402,-1.79,2.01,-2.35,2.64,1.0,-1
2022-09-08,75.74,79.4,75.74,77.7,649703,1.96,3.66,2.52,4.71,1.83,1
2022-09-07,71.23,76.01,71.17,75.87,648787,4.64,4.84,6.12,6.38,2.42,1
2022-09-06,72.61,73.26,70.48,70.66,685392,-1.95,2.77,-2.76,3.93,1.39,-1
2022-09-02,74.66,75.2,72.61,72.92,479348,-1.74,2.59,-2.39,3.55,1.3,-1
2022-09-01,72.84,74.0,70.29,73.83,508140,0.99,3.71,1.34,5.03,1.85,1
2022-08-31,72.34,73.87,71.56,73.22,430366,0.88,2.31,1.2,3.15,1.16,1
2022-08-30,72.8,73.2,69.8,71.59,2031819,-1.21,3.41,-1.69,4.76,1.7,-1
2022-08-29,72.18,73.27,70.82,72.16,466859,-0.02,2.45,-0.03,3.4,1.23,-1
2022-08-26,73.26,73.7,71.73,72.23,718054,-1.03,1.97,-1.43,2.73,0.98,-1
2022-08-25,75.92,77.18,73.09,73.68,933987,-2.24,4.08,-3.04,5.54,2.04,-1
2022-08-24,71.8,76.36,70.84,74.88,740619,3.08,5.52,4.11,7.38,2.76,1
2022-08-23,71.96,73.46,69.69,71.68,661081,-0.28,3.77,-0.39,5.26,1.88,1
2022-08-22,69.25,73.0,68.38,71.5,1052222,2.25,4.62,3.15,6.46,2.31,1
2022-08-19,63.5,70.2,63.29,69.66,1391075,6.16,6.91,8.84,9.92,3.46,1
2022-08-18,61.4,66.27,60.9,64.09,1573303,2.69,5.37,4.2,8.38,2.68,1
2022-08-17,53.74,64.47,52.0,61.17,6972300,7.43,12.47,12.15,20.39,6.24,-1
2022-08-16,70.01,70.01,67.14,68.55,607430,-1.46,2.87,-2.13,4.18,1.43,-1
2022-08-15,70.83,72.83,68.83,69.95,605896,-0.88,4.0,-1.26,5.72,2.0,-1
2022-08-12,70.24,73.03,70.13,72.22,795028,1.98,2.9,2.74,4.01,1.45,1
2022-08-11,71.15,71.88,69.09,69.72,973745,-1.43,2.78,-2.05,3.99,1.39,-1
2022-08-10,70.47,71.1,68.86,70.98,508622,0.51,2.24,0.72,3.16,1.12,1
2022-08-09,69.72,71.1,67.6,68.17,1259640,-1.55,3.5,-2.27,5.13,1.75,-1
2022-08-08,68.74,71.22,68.64,71.09,1078357,2.35,2.58,3.31,3.64,1.29,1
2022-08-05,63.87,69.81,63.07,68.14,1233977,4.27,6.74,6.27,9.89,3.37,1
2022-08-04,60.44,64.72,60.0,64.72,788277,4.28,4.72,6.61,7.3,2.36,1
2022-08-03,57.76,59.72,57.76,59.7,743925,1.94,1.96,3.25,3.28,0.98,1
2022-08-02,50.0,58.58,50.0,56.29,1257497,6.29,8.58,11.17,15.24,4.29,1
2022-08-01,50.58,52.0,50.1,50.6,460303,0.02,1.9,0.04,3.75,0.95,-1
2022-07-29,52.18,52.18,50.15,51.06,386003,-1.12,2.03,-2.19,3.98,1.02,-1
2022-07-28,52.25,52.98,50.19,51.97,405092,-0.28,2.79,-0.54,5.36,1.39,1
2022-07-27,51.24,52.06,50.1,51.71,482151,0.47,1.96,0.91,3.8,0.98,1
2022-07-26,50.86,51.76,49.76,50.67,586184,-0.19,2.01,-0.37,3.96,1.0,-1
2022-07-25,52.23,52.23,49.91,51.04,538697,-1.19,2.32,-2.33,4.55,1.16,-1
2022-07-22,55.76,55.9,51.75,51.88,502542,-3.88,4.15,-7.48,8.0,2.07,-1
2022-07-21,54.76,55.69,53.96,55.24,497677,0.48,1.72,0.87,3.12,0.86,1
2022-07-20,55.68,57.41,54.13,55.15,700615,-0.53,3.28,-0.96,5.95,1.64,-1
2022-07-19,53.42,56.28,52.88,55.52,674687,2.1,3.4,3.78,6.12,1.7,1
2022-07-18,54.3,54.95,51.59,52.46,918138,-1.84,3.36,-3.51,6.4,1.68,-1
2022-07-15,53.86,53.86,51.5,53.55,725745,-0.31,2.36,-0.58,4.41,1.18,1
2022-07-14,54.91,54.91,51.76,52.22,569644,-2.69,3.15,-5.15,6.03,1.57,-1
2022-07-13,53.62,57.38,53.5,55.4,773096,1.78,3.89,3.21,7.02,1.95,1
2022-07-12,53.76,55.14,52.1,55.11,1215829,1.35,3.05,2.45,5.53,1.52,1
2022-07-11,55.75,56.16,53.65,53.81,644761,-1.94,2.51,-3.61,4.66,1.25,-1
2022-07-08,54.59,56.83,53.08,56.58,507773,1.99,3.75,3.52,6.63,1.88,1
2022-07-07,54.26,56.07,54.0,54.81,417511,0.55,2.07,1.0,3.78,1.04,1
2022-07-06,55.09,56.42,53.82,54.28,774315,-0.81,2.6,-1.49,4.78,1.3,-1
2022-07-05,50.0,54.42,48.64,54.41,1061272,4.41,5.78,8.11,10.62,2.89,1
2022-07-01,50.04,50.98,48.51,49.93,1070730,-0.11,2.47,-0.22,4.95,1.23,-1
2022-06-30,52.24,52.34,49.33,50.51,1070051,-1.73,3.01,-3.43,5.96,1.51,-1
2022-06-29,53.2,53.2,50.91,52.21,682174,-0.99,2.29,-1.9,4.39,1.15,-1
2022-06-28,57.5,57.5,53.17,53.46,760748,-4.04,4.33,-7.56,8.1,2.16,-1
2022-06-27,57.48,58.67,55.98,57.38,747579,-0.1,2.69,-0.17,4.69,1.35,-1
2022-06-24,57.38,60.2,56.72,60.15,954675,2.77,3.48,4.61,5.79,1.74,1
2022-06-23,53.53,56.4,53.1,56.38,623384,2.85,3.3,5.05,5.85,1.65,1
2022-06-22,49.94,53.74,49.75,53.03,510916,3.09,3.99,5.83,7.52,2.0,1
2022-06-21,49.16,51.78,49.16,50.64,544389,1.48,2.62,2.92,5.17,1.31,1
2022-06-17,47.23,50.82,46.93,48.63,1318972,1.4,3.88,2.88,7.99,1.94,1
2022-06-16,46.53,47.12,44.96,46.78,1034231,0.25,2.16,0.53,4.61,1.08,-1
2022-06-15,46.08,48.91,46.08,47.97,912048,1.89,2.83,3.94,5.9,1.41,1
2022-06-14,44.59,45.72,43.46,45.6,1073321,1.01,2.26,2.21,4.96,1.13,1
2022-06-13,45.78,46.26,43.86,45.23,2905100,-0.55,2.4,-1.22,5.31,1.2,-1
2022-06-10,54.1,54.5,47.71,48.07,3795576,-6.03,6.79,-12.54,14.13,3.39,-1
2022-06-09,63.12,63.19,56.56,58.77,1885764,-4.35,6.63,-7.4,11.28,3.31,-1
2022-06-08,62.75,65.0,62.26,64.5,568085,1.75,2.74,2.71,4.25,1.37,1
2022-06-07,57.46,62.62,57.34,62.62,809727,5.16,5.28,8.24,8.43,2.64,1
2022-06-06,60.17,60.36,57.58,57.94,947860,-2.23,2.78,-3.85,4.8,1.39,-1
2022-06-03,58.36,60.89,56.95,59.35,1037945,0.99,3.94,1.67,6.64,1.97,1
2022-06-02,55.7,57.32,55.1,56.72,428364,1.02,2.21,1.8,3.91,1.11,1
2022-06-01,56.41,57.98,54.86,56.04,759705,-0.37,3.11,-0.66,5.56,1.56,1
2022-05-31,55.88,56.72,54.01,55.0,599342,-0.88,2.71,-1.6,4.93,1.36,-1
2022-05-27,55.57,56.72,54.59,56.29,478295,0.72,2.13,1.28,3.78,1.06,1
2022-05-26,56.37,56.75,54.45,55.36,562577,-1.01,2.3,-1.82,4.15,1.15,-1
2022-05-25,55.0,56.07,53.97,55.94,388766,0.94,2.1,1.68,3.75,1.05,1
2022-05-24,56.31,56.31,53.98,55.33,323860,-0.98,2.34,-1.77,4.22,1.17,-1
2022-05-23,57.67,57.67,56.16,56.91,378052,-0.76,1.51,-1.34,2.65,0.75,-1
2022-05-20,58.04,58.83,56.5,57.37,431821,-0.67,2.33,-1.17,4.06,1.16,1
2022-05-19,55.13,57.04,54.32,56.96,620869,1.83,2.72,3.21,4.78,1.36,1
2022-05-18,56.49,58.1,55.0,55.5,374902,-0.99,3.1,-1.78,5.59,1.55,-1
2022-05-17,57.44,58.53,56.85,58.47,397046,1.03,1.68,1.76,2.87,0.84,1
2022-05-16,54.57,56.64,53.45,56.21,390668,1.64,3.18,2.92,5.66,1.59,1
2022-05-13,55.55,56.06,54.52,54.95,944105,-0.6,1.54,-1.09,2.8,0.77,1
2022-05-12,51.52,55.17,50.96,54.03,644375,2.51,4.22,4.65,7.8,2.11,1
2022-05-11,53.54,55.41,51.79,52.16,722032,-1.38,3.62,-2.65,6.94,1.81,-1
2022-05-10,54.14,56.32,51.33,53.72,988156,-0.42,4.99,-0.78,9.29,2.5,1
2022-05-09,55.67,56.42,51.46,51.85,901433,-3.82,4.96,-7.37,9.57,2.48,-1
2022-05-06,59.39,59.75,56.02,56.64,1009995,-2.75,3.73,-4.86,6.59,1.86,-1
2022-05-05,63.26,63.26,59.35,60.33,824381,-2.93,3.91,-4.86,6.48,1.95,-1
2022-05-04,61.62,64.0,60.37,63.26,864693,1.64,3.63,2.59,5.75,1.82,1
2022-05-03,60.94,64.55,59.87,62.82,705905,1.88,4.68,2.99,7.45,2.34,1
2022-05-02,58.3,59.74,57.04,59.72,652445,1.42,2.7,2.38,4.52,1.35,1
2022-04-29,59.76,61.76,58.1,58.35,467943,-1.41,3.66,-2.42,6.27,1.83,-1
2022-04-28,60.51,61.02,57.82,60.23,439086,-0.28,3.21,-0.46,5.32,1.6,1
2022-04-27,60.93,61.7,59.3,59.73,458624,-1.2,2.4,-2.01,4.02,1.2,-1
2022-04-26,64.75,65.17,61.35,61.38,379405,-3.37,3.82,-5.49,6.22,1.91,-1
2022-04-25,62.8,65.33,62.68,65.1,499114,2.3,2.65,3.53,4.07,1.32,1
2022-04-22,64.41,65.08,63.02,63.52,384758,-0.89,2.06,-1.4,3.24,1.03,-1
2022-04-21,68.31,68.85,64.39,64.55,413967,-3.76,4.46,-5.82,6.91,2.23,-1
2022-04-20,67.47,68.92,65.85,67.55,366090,0.08,3.07,0.12,4.55,1.54,1
2022-04-19,65.45,67.71,65.29,67.24,519665,1.79,2.42,2.66,3.6,1.21,1
2022-04-18,67.97,68.02,64.51,64.94,513918,-3.03,3.51,-4.67,5.4,1.75,-1
2022-04-14,68.97,69.4,67.83,68.02,392210,-0.95,1.57,-1.4,2.31,0.79,-1
2022-04-13,67.02,70.68,67.0,70.15,531104,3.13,3.68,4.46,5.25,1.84,1
2022-04-12,67.64,69.43,66.07,67.01,483988,-0.63,3.36,-0.94,5.01,1.68,1
2022-04-11,68.22,69.61,65.1,66.37,755067,-1.85,4.52,-2.79,6.8,2.26,-1
2022-04-08,69.0,71.58,67.38,69.59,1041012,0.59,4.2,0.85,6.04,2.1,1
2022-04-07,69.36,70.09,67.48,68.36,518415,-1.0,2.61,-1.46,3.82,1.3,-1
2022-04-06,65.61,71.13,65.28,69.87,829076,4.26,5.85,6.1,8.37,2.92,1
2022-04-05,67.02,68.78,65.97,66.51,637156,-0.51,2.81,-0.77,4.22,1.4,-1
2022-04-04,65.89,67.43,64.32,67.19,1376489,1.3,3.11,1.93,4.63,1.56,1
2022-04-01,64.52,66.33,63.92,65.4,1572436,0.88,2.41,1.35,3.69,1.2,1
2022-03-31,65.11,65.8,63.75,63.88,538102,-1.23,2.05,-1.93,3.21,1.02,-1
2022-03-30,66.28,68.4,64.74,65.06,694192,-1.22,3.67,-1.88,5.63,1.83,-1
2022-03-29,66.64,68.33,66.17,66.56,563429,-0.08,2.16,-0.12,3.25,1.08,1
2022-03-28,64.44,65.46,63.37,65.41,308214,0.97,2.09,1.48,3.2,1.04,1
2022-03-25,66.09,66.34,63.29,64.44,384928,-1.65,3.05,-2.56,4.73,1.53,-1
2022-03-24,64.53,66.37,63.44,66.09,306170,1.56,2.93,2.36,4.43,1.46,1
2022-03-23,65.72,66.44,63.83,64.38,388535,-1.34,2.61,-2.08,4.05,1.3,-1
2022-03-22,63.71,66.93,63.17,66.5,477140,2.79,3.76,4.2,5.65,1.88,1
2022-03-21,64.7,65.59,63.01,63.57,454553,-1.13,2.58,-1.78,4.06,1.29,-1
2022-03-18,61.92,65.2,61.13,65.06,1227298,3.14,4.07,4.83,6.26,2.04,1
2022-03-17,60.22,62.83,59.52,62.82,462678,2.6,3.31,4.14,5.27,1.65,1
2022-03-16,59.74,60.78,57.4,60.4,678959,0.66,3.38,1.09,5.59,1.69,1
2022-03-15,55.93,58.71,55.67,58.56,447919,2.63,3.04,4.49,5.19,1.52,1
2022-03-14,57.19,58.89,55.02,55.92,672210,-1.27,3.87,-2.27,6.92,1.93,-1
2022-03-11,57.6,57.91,57.0,57.1,488807,-0.5,0.91,-0.88,1.59,0.45,1
2022-03-10,57.15,57.39,55.99,57.04,416928,-0.11,1.4,-0.19,2.45,0.7,-1
2022-03-09,55.39,59.28,55.39,58.61,643969,3.22,3.89,5.49,6.65,1.95,1
2022-03-08,54.39,56.99,53.26,55.55,1222966,1.16,3.73,2.09,6.71,1.87,1
2022-03-07,56.18,57.97,53.6,54.1,1036043,-2.08,4.37,-3.84,8.08,2.18,-1
2022-03-04,59.12,60.41,56.02,57.04,658961,-2.08,4.39,-3.65,7.69,2.19,-1
2022-03-03,60.27,61.83,58.2,58.88,731307,-1.39,3.63,-2.36,6.17,1.81,-1
2022-03-02,61.64,62.38,60.24,61.29,709058,-0.35,2.15,-0.57,3.5,1.07,-1
2022-03-01,60.15,62.99,59.52,61.31,569840,1.16,3.47,1.89,5.66,1.73,1
2022-02-28,61.85,62.44,60.12,60.55,879673,-1.3,2.32,-2.15,3.83,1.16,-1
2022-02-25,63.28,63.58,60.52,62.18,860675,-1.1,3.06,-1.77,4.91,1.53,-1
2022-02-24,61.83,63.91,60.72,63.03,1159874,1.2,3.19,1.9,5.06,1.59,-1
2022-02-23,66.16,66.65,63.65,63.67,785230,-2.49,3.0,-3.91,4.71,1.5,-1
2022-02-22,66.06,67.63,64.44,65.94,814411,-0.12,3.19,-0.18,4.84,1.59,-1
2022-02-18,69.16,70.51,66.18,66.69,1204636,-2.47,4.33,-3.7,6.49,2.16,-1
2022-02-17,71.59,73.75,68.86,69.09,1304087,-2.5,4.89,-3.62,7.07,2.44,-1
2022-02-16,82.5,82.52,72.23,74.9,1682381,-7.61,10.29,-10.15,13.74,5.14,-1
2022-02-15,82.44,85.17,82.44,83.21,661960,0.77,2.73,0.93,3.28,1.37,1
2022-02-14,82.35,83.7,81.03,81.45,351462,-0.9,2.67,-1.1,3.28,1.33,-1
2022-02-11,83.5,84.52,81.1,81.93,331250,-1.57,3.42,-1.92,4.17,1.71,-1
2022-02-10,81.03,85.67,81.03,83.18,568504,2.15,4.64,2.58,5.58,2.32,-1
2022-02-09,81.92,84.09,81.51,84.0,510640,2.08,2.58,2.48,3.07,1.29,1
2022-02-08,80.0,81.23,77.98,80.51,475661,0.51,3.25,0.63,4.04,1.62,-1
2022-02-07,78.39,81.32,77.48,80.56,374937,2.17,3.84,2.69,4.77,1.92,1
2022-02-04,76.24,79.24,75.46,78.4,563186,2.16,3.78,2.76,4.82,1.89,1
2022-02-03,75.9,77.86,75.85,76.26,404629,0.36,2.01,0.47,2.64,1.01,-1
2022-02-02,78.97,79.06,76.08,77.97,588535,-1.0,2.98,-1.28,3.82,1.49,-1
2022-02-01,77.1,79.61,76.3,79.16,601657,2.06,3.31,2.6,4.18,1.66,1
2022-01-31,71.19,77.26,71.19,77.1,695451,5.91,6.07,7.67,7.87,3.04,1
2022-01-28,70.64,71.71,67.63,71.64,519745,1.0,4.08,1.4,5.7,2.04,1
2022-01-27,73.25,76.31,69.72,70.11,458676,-3.14,6.59,-4.48,9.4,3.3,-1
2022-01-26,74.17,77.11,71.65,72.61,459224,-1.56,5.46,-2.15,7.52,2.73,-1
2022-01-25,73.53,75.72,71.0,73.62,733497,0.09,4.72,0.12,6.41,2.36,1
2022-01-24,68.16,73.17,66.29,72.28,1162350,4.12,6.88,5.7,9.52,3.44,1
2022-01-21,73.17,73.86,68.8,68.91,861847,-4.26,5.06,-6.18,7.34,2.53,-1
2022-01-20,73.06,76.14,72.51,72.7,449683,-0.36,3.62,-0.5,4.99,1.81,1
2022-01-19,74.31,75.52,72.41,72.51,368263,-1.8,3.11,-2.48,4.29,1.55,-1
2022-01-18,76.75,77.51,72.94,73.15,659580,-3.6,4.57,-4.92,6.25,2.29,-1
2022-01-14,75.52,78.31,74.75,78.0,911906,2.48,3.56,3.18,4.56,1.78,1
2022-01-13,80.95,81.65,75.75,75.89,955183,-5.06,5.9,-6.67,7.77,2.95,-1
2022-01-12,85.0,85.78,81.38,81.5,728027,-3.5,4.4,-4.29,5.4,2.2,-1
2022-01-11,87.14,87.66,85.0,85.86,577065,-1.28,2.66,-1.49,3.1,1.33,-1
2022-01-10,90.12,92.19,85.32,87.22,580324,-2.9,6.87,-3.32,7.88,3.44,-1
2022-01-07,92.1,93.81,90.0,91.45,577123,-0.65,3.81,-0.71,4.17,1.91,-1
2022-01-06,93.4,95.89,91.29,93.24,707031,-0.16,4.6,-0.17,4.93,2.3,-1
2022-01-05,103.99,103.99,90.76,93.3,1862986,-10.69,13.23,-11.46,14.18,6.61,-1
2022-01-04,109.65,109.65,105.99,107.0,365227,-2.65,3.66,-2.48,3.42,1.83,-1
2022-01-03,107.72,110.23,105.35,110.08,251078,2.36,4.88,2.14,4.43,2.44,1
2021-12-31,109.85,111.68,106.11,107.11,410218,-2.74,5.57,-2.56,5.2,2.79,-1
2021-12-30,109.36,111.32,108.13,109.45,284009,0.09,3.19,0.08,2.91,1.59,1
2021-12-29,108.35,110.75,107.75,109.36,188544,1.01,3.0,0.92,2.74,1.5,1
2021-12-28,110.12,111.18,107.29,108.08,202695,-2.04,3.89,-1.89,3.6,1.95,-1
2021-12-27,110.74,111.18,107.47,110.34,183769,-0.4,3.71,-0.36,3.36,1.86,-1
2021-12-23,108.61,111.78,108.12,110.97,150519,2.36,3.66,2.13,3.3,1.83,1
2021-12-22,106.33,110.14,104.3,108.64,265330,2.31,5.84,2.13,5.38,2.92,1
2021-12-21,106.37,107.86,105.44,106.44,435277,0.07,2.42,0.07,2.27,1.21,1
2021-12-20,101.29,106.86,100.01,105.79,383750,4.5,6.85,4.25,6.48,3.42,1
2021-12-17,98.69,104.38,98.4,102.75,816229,4.06,5.98,3.95,5.82,2.99,1
2021-12-16,104.35,105.37,98.97,99.68,472249,-4.67,6.4,-4.68,6.42,3.2,-1
2021-12-15,98.52,104.28,98.02,104.21,440165,5.69,6.26,5.46,6.01,3.13,1
2021-12-14,98.64,102.06,97.73,98.87,391923,0.23,4.33,0.23,4.37,2.16,-1
2021-12-13,96.78,100.04,95.71,99.62,438801,2.84,4.33,2.85,4.35,2.17,1
2021-12-10,95.7,99.0,95.57,96.9,490475,1.2,3.43,1.24,3.53,1.71,1
2021-12-09,97.9,98.85,95.31,95.64,216439,-2.26,3.54,-2.36,3.7,1.77,-1
2021-12-08,96.47,98.79,95.17,98.72,365466,2.25,3.62,2.28,3.67,1.81,1
2021-12-07,96.31,98.97,95.52,96.72,294804,0.41,3.45,0.42,3.57,1.73,1
2021-12-06,94.25,95.94,91.72,95.41,412777,1.16,4.22,1.22,4.42,2.11,1
2021-12-03,98.86,98.86,93.04,94.25,614538,-4.61,5.82,-4.89,6.18,2.91,-1
2021-12-02,95.31,99.43,95.02,98.51,361646,3.2,4.41,3.25,4.48,2.2,1
2021-12-01,97.7,100.98,95.95,96.03,412503,-1.67,5.03,-1.74,5.24,2.52,-1
2021-11-30,97.57,98.11,94.28,96.2,563651,-1.37,3.83,-1.42,3.98,1.91,-1
2021-11-29,102.45,102.68,96.2,98.28,572770,-4.17,6.48,-4.24,6.59,3.24,-1
2021-11-26,102.74,103.52,99.36,100.85,265861,-1.89,4.16,-1.87,4.12,2.08,-1
2021-11-24,103.44,104.42,101.72,104.29,206355,0.85,2.7,0.82,2.58,1.35,1
2021-11-23,107.14,107.74,101.55,103.88,441833,-3.26,6.19,-3.14,5.96,3.09,-1
2021-11-22,109.32,109.68,106.98,107.79,210453,-1.53,2.7,-1.42,2.5,1.35,-1
2021-11-19,110.3,111.0,108.61,108.92,189563,-1.38,2.39,-1.27,2.19,1.2,-1
2021-11-18,111.66,113.3,110.11,110.39,312047,-1.27,3.19,-1.15,2.89,1.59,-1
2021-11-17,114.55,114.87,110.67,111.99,291949,-2.56,4.2,-2.29,3.75,2.1,-1
2021-11-16,114.28,115.98,113.22,115.36,312341,1.08,2.76,0.94,2.39,1.38,1
2021-11-15,115.49,115.49,112.14,115.16,234262,-0.33,3.35,-0.29,2.91,1.67,1
2021-11-12,115.98,116.6,113.22,114.35,366415,-1.63,3.38,-1.43,2.96,1.69,-1
2021-11-11,114.12,116.12,113.96,115.99,282287,1.87,2.16,1.61,1.86,1.08,1
2021-11-10,115.23,117.86,113.62,114.26,292603,-0.97,4.24,-0.85,3.71,2.12,-1
2021-11-09,113.89,115.84,112.5,114.95,356967,1.06,3.34,0.92,2.91,1.67,1
2021-11-08,114.13,115.02,112.33,113.43,222528,-0.7,2.69,-0.62,2.37,1.34,-1
2021-11-05,112.35,116.11,111.19,114.5,479728,2.15,4.92,1.88,4.29,2.46,1
2021-11-04,111.44,112.82,109.29,112.66,310237,1.22,3.53,1.08,3.13,1.76,1
2021-11-03,112.91,112.91,109.39,112.06,627549,-0.85,3.52,-0.76,3.14,1.76,1
2021-11-02,112.68,113.77,110.1,110.98,720370,-1.7,3.67,-1.53,3.31,1.84,-1
2021-11-01,112.15,115.76,111.29,112.82,397661,0.67,4.47,0.59,3.96,2.23,1
2021-10-29,113.33,115.79,110.9,112.49,782094,-0.84,4.89,-0.75,4.34,2.44,-1
2021-10-28,103.95,113.53,103.12,113.33,880979,9.38,10.41,8.28,9.19,5.2,1
2021-10-27,103.67,105.18,103.29,104.21,323043,0.54,1.89,0.52,1.81,0.95,1
2021-10-26,103.23,104.48,101.31,103.67,309644,0.44,3.17,0.42,3.06,1.59,1
2021-10-25,102.64,103.76,101.09,102.52,235805,-0.12,2.67,-0.12,2.6,1.34,1
2021-10-22,101.13,102.51,99.3,102.29,295280,1.16,3.21,1.13,3.14,1.61,1
2021-10-21,102.58,103.23,100.13,100.96,196217,-1.62,3.1,-1.6,3.07,1.55,-1
2021-10-20,102.2,105.83,100.52,102.21,335134,0.01,5.31,0.01,5.2,2.66,-1
2021-10-19,100.0,102.69,98.56,102.52,660779,2.52,4.13,2.46,4.03,2.06,1
2021-10-18,99.7,101.69,97.82,99.22,259655,-0.48,3.87,-0.48,3.9,1.94,-1
2021-10-15,102.66,103.38,100.02,100.15,241136,-2.51,3.36,-2.51,3.35,1.68,-1
2021-10-14,99.66,103.31,99.66,101.34,198533,1.68,3.65,1.66,3.6,1.83,1
2021-10-13,99.15,99.95,97.23,98.71,235209,-0.44,2.72,-0.45,2.76,1.36,-1
2021-10-12,99.3,101.11,98.62,98.75,267085,-0.55,2.49,-0.56,2.52,1.24,1
2021-10-11,99.48,100.43,98.29,98.68,185169,-0.8,2.14,-0.81,2.17,1.07,-1
2021-10-08,98.3,100.9,98.0,100.09,229068,1.79,2.9,1.79,2.9,1.45,1
2021-10-07,96.22,99.12,95.27,98.51,441968,2.29,3.86,2.32,3.91,1.93,1
2021-10-06,95.63,97.74,95.01,96.29,193133,0.66,2.72,0.69,2.83,1.36,1
2021-10-05,98.18,100.32,95.86,96.25,287486,-1.93,4.46,-2.01,4.63,2.23,-1
2021-10-04,101.63,101.63,96.87,97.99,357273,-3.64,4.76,-3.71,4.86,2.38,-1
2021-10-01,102.57,102.94,100.17,101.72,427601,-0.85,2.77,-0.84,2.72,1.38,-1
2021-09-30,104.33,104.73,102.64,102.81,303303,-1.52,2.09,-1.48,2.03,1.05,-1
2021-09-29,104.56,106.02,102.68,103.73,281168,-0.83,3.34,-0.8,3.22,1.67,-1
2021-09-28,105.03,106.29,102.17,103.81,505434,-1.22,4.12,-1.18,3.97,2.06,-1
2021-09-27,107.06,107.26,105.72,106.36,210532,-0.7,1.55,-0.66,1.45,0.77,-1
2021-09-24,108.89,109.04,106.45,106.61,189179,-2.28,2.59,-2.14,2.43,1.3,-1
2021-09-23,109.16,110.08,107.6,109.47,380815,0.31,2.47,0.28,2.26,1.24,1
2021-09-22,107.81,109.8,107.08,109.19,316324,1.38,2.72,1.26,2.49,1.36,1
2021-09-21,105.75,108.62,105.29,107.61,372662,1.86,3.33,1.73,3.09,1.66,1
2021-09-20,104.19,105.52,104.19,105.18,321793,0.99,1.33,0.94,1.26,0.66,-1
2021-09-17,103.64,106.22,102.52,106.0,818570,2.36,3.7,2.23,3.49,1.85,1
2021-09-16,103.97,103.97,101.18,102.96,491860,-1.01,2.79,-0.98,2.71,1.39,-1
2021-09-15,100.54,103.84,99.2,103.73,388438,3.19,4.64,3.08,4.47,2.32,1
2021-09-14,99.96,101.25,98.83,100.03,271847,0.07,2.42,0.07,2.42,1.21,1
2021-09-13,98.7,101.76,97.46,99.51,594765,0.81,4.3,0.81,4.32,2.15,1
2021-09-10,94.46,98.97,93.28,98.69,445118,4.23,5.69,4.29,5.77,2.84,1
2021-09-09,95.21,96.56,94.1,94.43,281023,-0.78,2.46,-0.83,2.61,1.23,-1
2021-09-08,95.31,96.7,93.82,95.3,278764,-0.01,2.88,-0.01,3.02,1.44,-1
2021-09-07,97.35,98.48,95.08,95.7,237613,-1.65,3.4,-1.72,3.55,1.7,-1
2021-09-03,98.21,99.23,97.58,97.81,413932,-0.4,1.65,-0.41,1.69,0.83,-1
2021-09-02,96.69,98.62,95.25,98.6,340352,1.91,3.37,1.94,3.42,1.69,1
2021-09-01,93.75,96.28,93.75,96.13,796255,2.38,2.53,2.48,2.63,1.27,1
2021-08-31,94.42,95.19,92.37,93.27,538594,-1.15,2.82,-1.23,3.02,1.41,-1
2021-08-30,94.27,95.16,93.27,94.05,471893,-0.22,1.89,-0.23,2.01,0.95,1
2021-08-27,93.24,95.97,92.6,93.77,306939,0.53,3.37,0.57,3.59,1.69,1
2021-08-26,94.31,94.76,92.12,92.66,272805,-1.65,2.64,-1.78,2.85,1.32,-1
2021-08-25,94.86,95.17,93.0,93.85,363454,-1.01,2.17,-1.08,2.31,1.09,-1
2021-08-24,96.58,96.97,93.36,94.81,246097,-1.77,3.61,-1.87,3.81,1.8,-1
2021-08-23,94.71,96.78,94.71,96.13,472602,1.42,2.08,1.48,2.16,1.04,1
2021-08-20,91.66,94.78,91.66,93.83,297877,2.17,3.12,2.31,3.33,1.56,1
2021-08-19,93.06,93.65,91.69,91.84,273076,-1.22,1.96,-1.33,2.13,0.98,-1
2021-08-18,94.89,95.24,93.24,93.45,238703,-1.44,2.0,-1.54,2.14,1.0,-1
2021-08-17,91.93,94.42,91.2,94.25,237159,2.32,3.22,2.46,3.42,1.61,1
2021-08-16,93.99,93.99,92.21,92.97,253800,-1.02,1.78,-1.1,1.91,0.89,-1
2021-08-13,95.22,95.43,94.11,94.52,283151,-0.7,1.32,-0.74,1.4,0.66,-1
2021-08-12,95.57,95.76,93.05,94.68,266538,-0.89,2.71,-0.94,2.86,1.36,-1
2021-08-11,94.48,95.31,92.63,95.22,232596,0.74,2.68,0.78,2.81,1.34,1
2021-08-10,94.82,94.82,92.14,94.48,377364,-0.34,2.68,-0.36,2.84,1.34,-1
2021-08-09,95.16,96.5,93.91,94.5,544136,-0.66,2.59,-0.7,2.74,1.3,-1
2021-08-06,89.67,95.67,88.87,95.49,751649,5.82,6.8,6.09,7.12,3.4,1
2021-08-05,87.51,90.58,86.69,89.68,353756,2.17,3.88,2.42,4.33,1.94,1
2021-08-04,85.85,87.98,85.25,86.99,361593,1.14,2.73,1.31,3.14,1.37,1
2021-08-03,87.32,87.34,85.76,85.99,407687,-1.33,1.58,-1.55,1.84,0.79,-1
2021-08-02,87.24,89.4,86.32,86.98,768531,-0.26,3.08,-0.3,3.54,1.54,-1
2021-07-30,84.83,88.1,84.83,87.87,394291,3.04,3.27,3.46,3.72,1.63,1
2021-07-29,82.01,86.11,80.62,84.74,513993,2.73,5.48,3.22,6.47,2.74,1
2021-07-28,82.51,83.38,80.55,82.91,460622,0.4,2.83,0.48,3.41,1.41,1
2021-07-27,81.83,82.3,79.08,81.7,443517,-0.13,3.23,-0.16,3.95,1.61,-1
2021-07-26,83.86,85.32,81.65,81.93,498516,-1.93,3.67,-2.36,4.48,1.83,-1
2021-07-23,85.15,85.25,84.01,84.55,422362,-0.6,1.24,-0.71,1.47,0.62,-1
2021-07-22,84.88,86.34,84.01,85.4,320153,0.52,2.33,0.61,2.73,1.16,-1
2021-07-21,85.29,86.0,83.46,85.6,490707,0.31,2.54,0.36,2.97,1.27,-1
2021-07-20,84.05,86.18,83.78,85.97,1079149,1.92,2.4,2.24,2.79,1.2,1
2021-07-19,82.2,84.76,81.5,84.7,748564,2.5,3.26,2.95,3.85,1.63,1
2021-07-16,81.73,83.42,81.32,82.95,376982,1.22,2.1,1.47,2.53,1.05,1
2021-07-15,80.7,81.53,79.54,81.28,286417,0.58,1.99,0.71,2.45,0.99,1
2021-07-14,83.08,83.08,80.88,80.98,312535,-2.1,2.2,-2.59,2.72,1.1,-1
2021-07-13,82.99,83.7,82.1,82.66,295242,-0.33,1.6,-0.4,1.94,0.8,-1
2021-07-12,85.79,85.83,83.56,83.64,267786,-2.15,2.27,-2.57,2.71,1.13,-1
2021-07-09,85.87,86.93,85.17,85.97,190457,0.1,1.76,0.12,2.05,0.88,1
2021-07-08,83.41,85.82,83.15,85.38,337507,1.97,2.67,2.31,3.13,1.33,1
2021-07-07,85.6,86.46,84.0,85.11,511500,-0.49,2.46,-0.58,2.89,1.23,-1
2021-07-06,86.38,86.58,85.25,85.81,446453,-0.57,1.33,-0.66,1.55,0.66,-1
2021-07-02,87.85,88.05,85.6,86.03,743547,-1.82,2.45,-2.12,2.85,1.23,-1
2021-07-01,87.96,88.55,87.01,87.66,668316,-0.3,1.54,-0.34,1.76,0.77,-1
2021-06-30,87.37,88.8,86.95,87.96,344859,0.59,1.84,0.67,2.1,0.92,1
2021-06-29,88.3,88.53,86.74,87.58,725716,-0.72,1.79,-0.82,2.04,0.9,-1
2021-06-28,90.83,91.54,87.95,88.34,816290,-2.49,3.59,-2.82,4.06,1.8,-1
2021-06-25,85.41,93.04,84.21,90.82,1719243,5.41,8.83,5.96,9.72,4.42,1
2021-06-24,84.05,84.95,82.71,84.8,656116,0.75,2.24,0.88,2.64,1.12,1
2021-06-23,82.56,84.74,82.56,83.69,290665,1.13,2.18,1.35,2.6,1.09,1
2021-06-22,82.95,83.78,81.7,83.0,1187629,0.05,2.08,0.06,2.51,1.04,1
2021-06-21,82.59,83.8,81.91,82.78,1403855,0.19,1.89,0.23,2.28,0.94,-1
2021-06-18,83.26,83.66,81.38,82.79,1169715,-0.47,2.28,-0.57,2.75,1.14,-1
2021-06-17,84.87,87.98,83.03,83.53,1391748,-1.34,4.95,-1.6,5.93,2.48,-1
2021-06-16,84.52,87.89,80.57,85.56,1898820,1.04,7.32,1.22,8.56,3.66,1
2021-06-15,86.42,86.85,83.78,84.27,329359,-2.15,3.07,-2.55,3.64,1.54,-1
2021-06-14,87.25,91.73,86.14,86.29,550251,-0.96,5.59,-1.11,6.48,2.8,-1
2021-06-11,85.3,87.21,84.0,86.9,650889,1.6,3.21,1.84,3.69,1.6,1
2021-06-10,83.0,84.44,82.18,84.11,1651942,1.11,2.26,1.32,2.69,1.13,1
2021-06-09,86.31,86.98,82.76,82.97,543624,-3.34,4.22,-4.03,5.09,2.11,-1
2021-06-08,85.33,86.22,83.02,85.43,557930,0.1,3.2,0.12,3.75,1.6,1
2021-06-07,84.99,85.78,83.99,84.75,1863413,-0.24,1.79,-0.28,2.11,0.9,1
2021-06-04,87.27,87.34,84.45,84.72,421246,-2.55,2.89,-3.01,3.41,1.45,-1
2021-06-03,86.69,87.06,85.42,86.1,273146,-0.59,1.64,-0.69,1.91,0.82,-1
2021-06-02,89.03,89.75,86.34,87.13,719233,-1.9,3.41,-2.18,3.91,1.7,-1
2021-06-01,91.67,92.1,89.09,89.16,336324,-2.51,3.01,-2.82,3.38,1.5,-1
2021-05-28,94.13,96.02,91.21,91.35,555435,-2.78,4.81,-3.04,5.26,2.4,-1
2021-05-27,96.9,97.26,92.92,93.36,426041,-3.54,4.34,-3.79,4.65,2.17,-1
2021-05-26,96.08,97.29,95.0,96.32,197034,0.24,2.29,0.25,2.38,1.15,1
2021-05-25,95.71,96.52,94.44,95.4,238885,-0.31,2.08,-0.32,2.18,1.04,1
2021-05-24,97.28,97.28,94.41,94.79,229055,-2.49,2.87,-2.63,3.03,1.44,-1
2021-05-21,96.5,97.31,94.99,96.42,432906,-0.08,2.32,-0.08,2.41,1.16,1
2021-05-20,91.81,95.48,91.22,95.43,252575,3.62,4.26,3.79,4.46,2.13,1
2021-05-19,92.26,93.54,91.05,91.67,237774,-0.59,2.49,-0.64,2.72,1.25,-1
2021-05-18,94.6,97.0,93.13,93.54,330939,-1.06,3.87,-1.13,4.14,1.93,-1
2021-05-17,95.0,96.95,93.26,93.88,272687,-1.12,3.69,-1.19,3.93,1.84,-1
2021-05-14,93.64,97.82,92.12,96.45,322382,2.81,5.7,2.91,5.91,2.85,1
2021-05-13,92.23,93.51,90.06,92.8,254622,0.57,3.45,0.61,3.72,1.73,1
2021-05-12,92.27,94.25,91.63,91.65,352786,-0.62,2.62,-0.68,2.86,1.31,-1
2021-05-11,88.9,96.15,88.3,93.74,453059,4.84,7.85,5.16,8.37,3.92,1
2021-05-10,94.05,95.25,91.54,92.21,345732,-1.84,3.71,-2.0,4.02,1.85,-1
2021-05-07,93.82,95.88,93.04,94.93,251322,1.11,2.84,1.17,2.99,1.42,1
2021-05-06,90.71,93.32,89.84,93.18,361118,2.47,3.48,2.65,3.73,1.74,1
2021-05-05,91.12,93.1,89.81,90.95,192355,-0.17,3.29,-0.19,3.62,1.65,-1
2021-05-04,94.68,94.68,90.89,91.07,332041,-3.61,3.79,-3.96,4.16,1.9,-1
2021-05-03,97.89,98.35,95.76,96.08,197907,-1.81,2.59,-1.88,2.7,1.29,-1
2021-04-30,97.19,99.85,95.86,96.32,270375,-0.87,3.99,-0.9,4.14,1.99,-1
2021-04-29,101.13,101.78,95.81,98.87,254776,-2.26,5.97,-2.29,6.04,2.98,1
2021-04-28,99.03,99.58,97.19,97.26,265851,-1.77,2.39,-1.82,2.46,1.2,-1
2021-04-27,101.33,101.33,98.19,99.2,257164,-2.13,3.14,-2.15,3.17,1.57,-1
2021-04-26,98.0,101.46,96.47,101.0,310959,3.0,4.99,2.97,4.94,2.49,1
2021-04-23,94.88,97.68,93.96,97.0,274780,2.12,3.72,2.19,3.84,1.86,1
2021-04-22,95.16,96.4,92.84,94.4,259158,-0.76,3.56,-0.81,3.77,1.78,-1
2021-04-21,92.71,95.21,91.65,94.9,463442,2.19,3.56,2.31,3.75,1.78,1
2021-04-20,94.16,95.47,91.43,92.58,565743,-1.58,4.04,-1.71,4.36,2.02,-1
2021-04-19,94.62,95.56,92.4,93.81,302795,-0.81,3.16,-0.86,3.37,1.58,-1
2021-04-16,97.06,97.06,92.26,95.2,292804,-1.86,4.8,-1.95,5.04,2.4,-1
2021-04-15,96.71,98.29,95.66,95.95,223712,-0.76,2.63,-0.79,2.74,1.32,-1
2021-04-14,93.42,99.32,93.42,96.86,528605,3.44,5.9,3.55,6.09,2.95,1
2021-04-13,93.12,96.08,91.11,93.08,365474,-0.04,4.97,-0.04,5.34,2.48,1
2021-04-12,95.27,95.62,92.36,92.61,455170,-2.66,3.27,-2.87,3.53,1.63,-1
2021-04-09,94.32,94.51,91.88,94.16,211701,-0.16,2.63,-0.17,2.79,1.32,1
2021-04-08,94.32,96.24,92.98,94.08,360605,-0.24,3.26,-0.26,3.47,1.63,1
2021-04-07,96.21,96.52,92.78,93.0,315142,-3.21,3.74,-3.45,4.02,1.87,-1
2021-04-06,98.83,99.61,96.6,97.02,300950,-1.81,3.01,-1.87,3.1,1.51,-1
2021-04-05,98.93,99.62,96.23,99.61,213119,0.68,3.39,0.68,3.4,1.7,1
2021-04-01,98.13,99.0,96.39,97.95,254794,-0.18,2.61,-0.18,2.66,1.3,1
2021-03-31,93.49,97.62,93.49,97.23,427979,3.74,4.13,3.85,4.25,2.07,1
2021-03-30,92.0,93.55,89.28,93.27,559856,1.27,4.27,1.36,4.58,2.13,1
2021-03-29,96.01,96.15,91.28,92.01,423379,-4.0,4.88,-4.35,5.3,2.44,-1
2021-03-26,97.07,99.0,94.1,96.67,197010,-0.4,4.9,-0.41,5.07,2.45,1
2021-03-25,94.23,96.67,91.5,96.31,321380,2.08,5.17,2.16,5.37,2.59,1
2021-03-24,99.74,99.74,94.52,94.71,324923,-5.03,5.22,-5.31,5.51,2.61,-1
2021-03-23,103.5,104.0,98.35,98.86,332394,-4.64,5.65,-4.69,5.72,2.83,-1
2021-03-22,105.2,105.83,103.8,104.99,315061,-0.21,2.03,-0.2,1.93,1.02,1
2021-03-19,98.97,104.96,98.08,104.65,927942,5.68,6.88,5.43,6.57,3.44,1
2021-03-18,104.58,104.95,98.54,98.79,363532,-5.79,6.41,-5.86,6.49,3.2,-1
2021-03-17,104.12,106.12,103.52,105.18,467599,1.06,2.61,1.01,2.48,1.3,1
2021-03-16,105.42,106.16,102.84,103.51,320364,-1.91,3.32,-1.85,3.21,1.66,-1
2021-03-15,106.87,108.11,104.03,105.77,603530,-1.1,4.08,-1.04,3.86,2.04,-1
2021-03-12,104.53,107.89,103.8,107.36,355238,2.83,4.09,2.64,3.81,2.05,1
2021-03-11,97.28,105.79,96.49,105.45,515324,8.17,9.3,7.75,8.82,4.65,1
2021-03-10,97.71,98.54,93.95,96.02,328301,-1.69,4.58,-1.76,4.78,2.29,-1
2021-03-09,94.23,99.92,94.23,97.11,407025,2.88,5.69,2.97,5.86,2.84,1
2021-03-08,95.0,96.46,91.6,92.07,627321,-2.93,4.87,-3.18,5.28,2.43,-1
2021-03-05,93.51,96.16,89.05,95.93,765738,2.42,7.11,2.52,7.41,3.56,1
2021-03-04,86.61,93.82,86.61,92.01,1291699,5.4,7.2,5.87,7.83,3.6,-1
2021-03-03,98.45,99.66,92.52,93.02,412598,-5.43,7.14,-5.84,7.67,3.57,-1
2021-03-02,98.45,100.43,97.9,98.79,324243,0.34,2.54,0.34,2.57,1.27,-1
2021-03-01,99.4,101.46,98.11,100.13,305895,0.73,3.35,0.73,3.35,1.68,1
2021-02-26,96.9,99.17,94.03,98.22,454432,1.32,5.14,1.34,5.23,2.57,1
2021-02-25,97.74,98.71,94.83,96.09,341402,-1.65,3.88,-1.72,4.04,1.94,-1
2021-02-24,97.17,98.96,94.95,97.79,303022,0.62,4.01,0.63,4.1,2.0,1
2021-02-23,96.35,99.92,94.04,97.45,441818,1.1,5.88,1.13,6.03,2.94,-1
2021-02-22,99.75,100.0,96.85,97.96,351193,-1.79,3.15,-1.83,3.22,1.58,-1
2021-02-19,96.81,101.52,96.61,100.31,482856,3.5,4.91,3.49,4.89,2.45,1
2021-02-18,99.4,99.4,96.0,96.74,338822,-2.66,3.4,-2.75,3.51,1.7,-1
2021-02-17,90.47,102.67,90.41,100.25,786210,9.78,12.26,9.76,12.23,6.13,1
2021-02-16,97.06,97.88,93.05,93.2,426191,-3.86,4.83,-4.14,5.18,2.42,-1
2021-02-12,100.45,100.6,96.22,96.97,287512,-3.48,4.38,-3.59,4.51,2.19,-1
2021-02-11,100.58,102.04,98.18,100.31,398379,-0.27,3.86,-0.27,3.85,1.93,1
2021-02-10,103.01,103.74,98.23,99.38,424684,-3.63,5.52,-3.65,5.55,2.76,-1
2021-02-09,105.28,106.94,102.89,103.19,295302,-2.09,4.05,-2.03,3.92,2.02,-1
2021-02-08,103.0,107.1,101.06,105.45,484176,2.45,6.04,2.32,5.73,3.02,1
2021-02-05,99.59,102.49,98.7,102.0,335780,2.41,3.8,2.36,3.72,1.9,1
2021-02-04,96.15,98.98,95.49,98.97,215543,2.82,3.49,2.85,3.53,1.75,1
2021-02-03,100.19,100.3,95.55,96.35,399750,-3.84,4.75,-3.99,4.93,2.38,-1
2021-02-02,100.29,103.24,99.59,100.35,467707,0.06,3.65,0.06,3.64,1.82,1
2021-02-01,97.54,98.8,95.0,98.57,530145,1.03,3.8,1.04,3.86,1.9,1
2021-01-29,96.4,99.44,94.76,96.75,536197,0.35,4.68,0.36,4.84,2.34,-1
2021-01-28,91.71,98.17,91.71,97.23,598693,5.52,6.46,5.68,6.64,3.23,1
2021-01-27,94.82,95.0,90.38,90.71,487029,-4.11,4.62,-4.53,5.09,2.31,-1
2021-01-26,103.62,104.0,96.54,96.91,300105,-6.71,7.46,-6.92,7.7,3.73,-1
2021-01-25,101.58,103.84,100.8,102.9,370548,1.32,3.04,1.28,2.95,1.52,1
2021-01-22,99.91,101.93,98.36,101.36,344566,1.45,3.57,1.43,3.52,1.79,1
2021-01-21,104.22,105.74,99.82,99.86,385644,-4.36,5.92,-4.37,5.93,2.96,-1
2021-01-20,102.71,104.43,101.6,104.22,287222,1.51,2.83,1.45,2.72,1.42,1
2021-01-19,101.4,102.78,100.34,102.35,340213,0.95,2.44,0.93,2.39,1.22,1
2021-01-15,102.01,103.0,100.57,100.99,294051,-1.02,2.43,-1.01,2.41,1.22,-1
2021-01-14,103.98,106.38,101.52,102.51,440853,-1.47,4.86,-1.43,4.74,2.43,-1
2021-01-13,107.22,108.44,103.68,103.97,359814,-3.25,4.76,-3.13,4.58,2.38,-1
2021-01-12,109.0,111.03,105.99,107.22,411735,-1.78,5.04,-1.66,4.7,2.52,1
2021-01-11,105.73,108.75,100.01,107.0,447347,1.27,8.74,1.19,8.17,4.37,-1
2021-01-08,106.85,108.7,104.08,108.28,588481,1.43,4.62,1.32,4.27,2.31,1
2021-01-07,104.27,107.26,102.63,106.84,543870,2.57,4.63,2.41,4.33,2.32,1
2021-01-06,101.52,104.92,98.83,104.78,558160,3.26,6.09,3.11,5.81,3.05,1
2021-01-05,104.12,107.92,101.78,102.23,597688,-1.89,6.14,-1.85,6.01,3.07,-1
2021-01-04,112.15,113.47,102.49,104.57,912639,-7.58,10.98,-7.25,10.5,5.49,-1
2020-12-31,115.11,115.47,111.58,112.15,377769,-2.96,3.89,-2.64,3.47,1.95,-1
2020-12-30,117.35,119.94,114.79,115.0,281963,-2.35,5.15,-2.04,4.48,2.57,-1
2020-12-29,122.73,123.07,116.17,116.67,346904,-6.06,6.9,-5.19,5.91,3.45,-1
2020-12-28,124.54,124.54,119.52,122.45,429751,-2.09,5.02,-1.71,4.1,2.51,-1
2020-12-24,124.49,125.61,122.54,123.0,83913,-1.49,3.07,-1.21,2.49,1.53,-1
2020-12-23,124.69,124.71,122.59,124.48,226979,-0.21,2.12,-0.17,1.7,1.06,1
2020-12-22,121.38,124.39,120.8,123.72,394791,2.34,3.59,1.89,2.9,1.79,1
2020-12-21,121.99,123.63,118.88,121.68,628490,-0.31,4.74,-0.25,3.9,2.37,-1
2020-12-18,118.29,123.97,117.49,123.64,2798979,5.35,6.48,4.33,5.24,3.24,1
2020-12-17,117.4,118.31,115.75,118.17,483355,0.77,2.56,0.65,2.17,1.28,1
2020-12-16,117.54,119.5,116.37,117.39,447705,-0.15,3.13,-0.13,2.67,1.56,-1
2020-12-15,118.01,118.72,116.41,118.36,413414,0.35,2.31,0.3,1.95,1.15,1
2020-12-14,117.28,119.66,116.16,117.31,785382,0.03,3.5,0.03,2.98,1.75,1
2020-12-11,113.49,115.23,112.26,114.7,519571,1.21,2.97,1.05,2.59,1.48,1
2020-12-10,108.97,114.0,108.52,113.49,547770,4.52,5.48,3.98,4.83,2.74,1
2020-12-09,109.16,109.45,106.32,108.41,434874,-0.75,3.13,-0.69,2.89,1.57,1
2020-12-08,104.98,108.75,104.73,108.19,479912,3.21,4.02,2.97,3.72,2.01,1
2020-12-07,103.6,107.27,103.6,105.36,436202,1.76,3.67,1.67,3.48,1.84,1
2020-12-04,100.83,103.82,100.56,103.46,929865,2.63,3.25,2.54,3.15,1.63,1
2020-12-03,105.79,107.44,99.11,100.35,429223,-5.44,8.33,-5.42,8.3,4.16,-1
2020-12-02,104.8,106.81,104.0,105.61,377798,0.81,2.81,0.77,2.66,1.41,-1
2020-12-01,109.08,111.35,105.14,105.65,680623,-3.43,6.2,-3.25,5.87,3.1,-1
2020-11-30,107.61,109.2,104.24,108.08,673329,0.47,4.96,0.43,4.59,2.48,1
2020-11-27,105.21,108.12,105.21,107.26,163865,2.05,2.91,1.91,2.71,1.46,1
2020-11-25,103.59,106.02,103.5,105.32,702055,1.73,2.52,1.64,2.39,1.26,1
2020-11-24,99.07,103.44,98.89,103.34,794142,4.27,4.55,4.13,4.4,2.27,1
2020-11-23,97.55,100.16,96.7,98.76,545824,1.21,3.46,1.23,3.5,1.73,1
2020-11-20,95.73,98.77,94.28,97.65,606937,1.92,4.49,1.97,4.6,2.24,1
2020-11-19,94.93,96.72,94.42,96.71,410161,1.78,2.3,1.84,2.38,1.15,1
2020-11-18,98.73,100.01,94.63,95.44,448787,-3.29,5.38,-3.45,5.64,2.69,-1
2020-11-17,97.71,99.9,96.86,99.0,411420,1.29,3.04,1.3,3.07,1.52,1
2020-11-16,100.92,101.93,97.16,98.5,321807,-2.42,4.77,-2.46,4.84,2.39,-1
2020-11-13,101.53,102.57,100.23,100.72,202531,-0.81,2.34,-0.8,2.32,1.17,1
2020-11-12,101.62,103.75,99.05,100.49,268411,-1.13,4.7,-1.12,4.68,2.35,-1
2020-11-11,101.42,102.01,98.18,101.25,296785,-0.17,3.83,-0.17,3.78,1.91,1
2020-11-10,100.14,101.52,96.51,101.22,329729,1.08,5.01,1.07,4.95,2.5,1
2020-11-09,101.78,103.9,97.9,99.14,351018,-2.64,6.0,-2.66,6.05,3.0,1
2020-11-06,101.65,101.93,96.32,98.57,344092,-3.08,5.61,-3.12,5.69,2.81,-1
2020-11-05,101.19,104.5,99.69,101.53,427236,0.34,4.81,0.33,4.73,2.4,1
2020-11-04,97.96,104.76,97.96,101.24,539463,3.28,6.8,3.24,6.71,3.4,1
2020-11-03,99.69,101.8,94.72,96.53,723429,-3.16,7.08,-3.27,7.33,3.54,-1
2020-11-02,101.15,103.42,93.13,98.47,664656,-2.68,10.29,-2.72,10.45,5.15,-1
2020-10-30,106.08,106.08,100.98,102.28,625251,-3.8,5.1,-3.72,4.99,2.55,-1
2020-10-29,106.3,108.5,102.09,106.84,570724,0.54,6.41,0.51,6.0,3.21,1
2020-10-28,103.23,106.5,101.55,104.63,480232,1.4,4.95,1.34,4.73,2.48,-1
2020-10-27,103.48,105.5,102.14,105.09,376572,1.61,3.36,1.53,3.2,1.68,1
2020-10-26,102.4,105.6,100.31,103.17,396017,0.77,5.29,0.75,5.13,2.64,-1
2020-10-23,103.71,105.35,102.21,104.67,309850,0.96,3.14,0.92,3.0,1.57,1
2020-10-22,100.28,103.21,100.28,102.82,442695,2.54,2.93,2.47,2.85,1.46,1
2020-10-21,102.86,103.84,99.24,100.16,414510,-2.7,4.6,-2.7,4.59,2.3,-1
2020-10-20,104.76,105.5,101.89,102.47,514493,-2.29,3.61,-2.23,3.52,1.8,-1
2020-10-19,102.39,105.49,102.0,103.89,457550,1.5,3.49,1.44,3.36,1.74,1
2020-10-16,100.24,105.0,100.24,102.33,470401,2.09,4.76,2.04,4.65,2.38,1
2020-10-15,96.8,100.64,96.37,100.33,367998,3.53,4.27,3.52,4.26,2.13,1
2020-10-14,100.96,101.98,99.1,99.31,202501,-1.65,2.88,-1.66,2.9,1.44,-1
2020-10-13,100.64,101.91,99.85,100.22,387301,-0.42,2.06,-0.42,2.06,1.03,-1
2020-10-12,100.49,101.35,99.4,100.88,449700,0.39,1.95,0.39,1.93,0.97,1
2020-10-09,99.75,99.95,98.17,99.91,254401,0.16,1.78,0.16,1.78,0.89,-1
2020-10-08,99.5,100.3,98.4,99.96,277861,0.46,1.9,0.46,1.9,0.95,1
2020-10-07,97.66,100.52,97.13,99.32,538561,1.66,3.39,1.67,3.41,1.7,1
2020-10-06,95.31,99.03,94.99,96.55,393549,1.24,4.04,1.28,4.18,2.02,1
2020-10-05,92.94,95.69,92.73,95.24,345964,2.3,2.96,2.41,3.11,1.48,1
2020-10-02,91.54,94.02,91.54,92.08,354880,0.54,2.48,0.59,2.69,1.24,-1
2020-10-01,93.02,94.69,91.79,93.93,438461,0.91,2.9,0.97,3.09,1.45,1
2020-09-30,91.55,93.57,91.39,92.7,411963,1.15,2.18,1.24,2.35,1.09,1
2020-09-29,89.0,92.61,88.63,91.57,542132,2.57,3.98,2.81,4.35,1.99,1
2020-09-28,88.3,89.54,87.39,88.88,411207,0.58,2.15,0.65,2.42,1.08,1
2020-09-25,87.33,88.82,86.14,88.0,543372,0.67,2.68,0.76,3.05,1.34,-1
2020-09-24,89.19,89.35,86.58,88.24,656897,-0.95,2.77,-1.08,3.14,1.39,-1
2020-09-23,87.74,91.82,87.32,89.64,1018255,1.9,4.5,2.12,5.02,2.25,1
2020-09-22,82.33,87.75,82.2,87.27,1441366,4.94,5.55,5.66,6.36,2.77,1
2020-09-21,78.34,79.68,76.65,77.21,483379,-1.13,3.03,-1.46,3.92,1.52,-1
2020-09-18,78.87,79.89,77.42,79.45,826267,0.58,2.47,0.73,3.12,1.24,1
2020-09-17,74.83,80.03,74.13,78.34,652523,3.51,5.9,4.48,7.53,2.95,1
2020-09-16,73.42,76.93,72.9,75.98,402867,2.56,4.03,3.37,5.3,2.02,1
2020-09-15,73.13,74.08,71.41,73.0,359392,-0.13,2.67,-0.18,3.65,1.33,1
2020-09-14,67.52,72.2,67.52,72.13,470921,4.61,4.68,6.39,6.49,2.34,1
2020-09-11,68.85,69.07,66.2,66.45,353314,-2.4,2.87,-3.61,4.32,1.43,-1
2020-09-10,71.41,72.52,68.3,68.5,446674,-2.91,4.22,-4.25,6.16,2.11,-1
2020-09-09,71.21,72.36,70.55,71.22,305316,0.01,1.81,0.01,2.54,0.91,1
2020-09-08,71.3,72.45,69.7,70.19,372055,-1.11,2.75,-1.58,3.92,1.38,-1
2020-09-04,75.45,75.45,70.41,73.04,583475,-2.41,5.04,-3.3,6.9,2.52,-1
2020-09-03,76.73,76.73,73.62,74.9,520639,-1.83,3.11,-2.44,4.15,1.55,-1
2020-09-02,77.94,77.94,76.27,77.06,386036,-0.88,1.67,-1.14,2.17,0.84,1
2020-09-01,77.06,77.81,76.63,76.99,518201,-0.07,1.18,-0.09,1.53,0.59,-1
2020-08-31,73.83,77.81,73.83,77.43,358847,3.6,3.98,4.65,5.14,1.99,1
2020-08-28,74.04,74.82,73.11,73.99,343680,-0.05,1.71,-0.07,2.31,0.85,1
2020-08-27,74.09,74.76,73.51,73.91,248263,-0.18,1.25,-0.24,1.7,0.63,1
2020-08-26,75.1,75.89,73.2,73.68,399907,-1.42,2.69,-1.93,3.65,1.34,-1
2020-08-25,75.04,75.74,72.05,75.37,237614,0.33,3.69,0.44,4.89,1.84,1
2020-08-24,74.5,76.16,74.0,74.94,412336,0.44,2.16,0.59,2.88,1.08,1
2020-08-21,74.3,74.92,72.31,74.37,271976,0.07,2.61,0.09,3.51,1.3,1
2020-08-20,74.1,74.97,73.4,74.3,347330,0.2,1.57,0.27,2.11,0.78,-1
2020-08-19,74.76,76.03,74.0,74.51,281456,-0.25,2.03,-0.34,2.72,1.02,-1
2020-08-18,75.77,76.33,74.89,75.0,208342,-0.77,1.44,-1.03,1.92,0.72,-1
2020-08-17,73.95,75.86,73.71,75.58,225788,1.63,2.15,2.16,2.84,1.08,1
2020-08-14,74.64,75.42,73.72,73.96,226829,-0.68,1.7,-0.92,2.3,0.85,-1
2020-08-13,74.22,75.76,73.52,75.26,302572,1.04,2.24,1.38,2.98,1.12,1
2020-08-12,74.01,75.67,73.94,74.18,327696,0.17,1.73,0.23,2.33,0.87,1
2020-08-11,75.64,76.68,74.0,74.04,317464,-1.6,2.68,-2.16,3.62,1.34,-1
2020-08-10,75.05,76.18,74.23,75.32,215543,0.27,1.95,0.36,2.59,0.98,1
2020-08-07,74.28,76.16,74.0,74.45,205658,0.17,2.16,0.23,2.9,1.08,-1
2020-08-06,75.69,76.06,73.35,74.63,328208,-1.06,2.71,-1.42,3.63,1.36,-1
2020-08-05,74.12,75.75,73.85,75.72,477818,1.6,1.9,2.11,2.51,0.95,1
2020-08-04,74.79,75.04,73.17,73.56,504248,-1.23,1.88,-1.67,2.55,0.94,-1
2020-08-03,73.54,75.92,72.72,75.16,380177,1.62,3.2,2.16,4.25,1.6,1
2020-07-31,74.0,75.52,72.65,73.18,420330,-0.82,2.87,-1.12,3.92,1.43,-1
2020-07-30,72.3,74.9,71.83,73.89,565928,1.59,3.07,2.15,4.15,1.54,1
2020-07-29,74.87,75.41,73.39,73.75,340551,-1.12,2.02,-1.52,2.74,1.01,-1
2020-07-28,75.49,76.39,74.14,74.16,322591,-1.33,2.25,-1.79,3.03,1.12,-1
2020-07-27,74.92,77.11,74.45,75.76,500348,0.84,2.66,1.11,3.51,1.33,1
2020-07-24,75.37,75.97,73.53,74.67,377192,-0.7,2.44,-0.94,3.27,1.22,-1
2020-07-23,77.69,79.23,75.15,76.01,382617,-1.68,4.08,-2.21,5.37,2.04,-1
2020-07-22,77.02,79.02,76.87,78.45,301601,1.43,2.15,1.82,2.74,1.07,1
2020-07-21,79.17,79.19,76.79,77.44,465554,-1.73,2.4,-2.23,3.1,1.2,-1
2020-07-20,78.36,79.26,76.57,78.43,576007,0.07,2.7,0.09,3.44,1.35,1
2020-07-17,77.5,78.88,76.47,77.67,939500,0.17,2.41,0.22,3.1,1.2,1
2020-07-16,79.31,80.0,76.71,77.53,948700,-1.78,3.29,-2.3,4.24,1.65,-1
2020-07-15,81.52,82.33,79.55,80.1,1005000,-1.42,2.78,-1.77,3.47,1.39,1
2020-07-14,80.0,81.0,74.58,79.97,2474400,-0.03,6.42,-0.04,8.03,3.21,1
2020-07-13,79.5,80.06,76.47,76.65,435900,-2.85,3.59,-3.72,4.68,1.8,-1
2020-07-10,78.7,79.84,78.05,78.97,219300,0.27,1.79,0.34,2.27,0.9,1
2020-07-09,78.44,79.33,76.68,78.37,265400,-0.07,2.65,-0.09,3.38,1.32,-1
2020-07-08,77.14,78.81,76.83,78.66,458100,1.52,1.98,1.93,2.52,0.99,1
2020-07-07,78.61,79.86,77.19,77.19,437600,-1.42,2.67,-1.84,3.46,1.34,-1
2020-07-06,80.02,81.07,78.82,79.32,376700,-0.7,2.25,-0.88,2.84,1.12,1
2020-07-02,80.11,80.92,78.51,79.15,270200,-0.96,2.41,-1.21,3.04,1.2,1
2020-07-01,77.84,80.64,77.25,79.02,598700,1.18,3.39,1.49,4.29,1.7,1
2020-06-30,76.51,78.66,75.8,78.0,469700,1.49,2.86,1.91,3.67,1.43,1
2020-06-29,76.21,78.25,74.83,76.55,329800,0.34,3.42,0.44,4.47,1.71,1
2020-06-26,78.55,78.55,75.1,75.59,713984,-2.96,3.45,-3.92,4.56,1.73,-1
2020-06-25,76.08,79.19,75.22,79.17,406955,3.09,3.97,3.9,5.01,1.98,1
2020-06-24,78.01,78.94,75.46,76.24,292546,-1.77,3.48,-2.32,4.56,1.74,-1
2020-06-23,79.56,80.25,78.22,78.94,553944,-0.62,2.03,-0.79,2.57,1.02,-1
2020-06-22,78.8,80.98,77.36,79.27,419031,0.47,3.62,0.59,4.57,1.81,1
2020-06-19,76.57,79.15,76.18,78.8,1070333,2.23,2.97,2.83,3.77,1.48,1
2020-06-18,74.06,76.81,73.52,76.32,260422,2.26,3.29,2.96,4.32,1.65,1
2020-06-17,74.84,76.33,74.3,74.68,331177,-0.16,2.03,-0.21,2.72,1.02,1
2020-06-16,74.83,76.17,72.56,74.42,282981,-0.41,3.61,-0.55,4.85,1.8,1
2020-06-15,68.63,73.08,68.36,73.03,409313,4.4,4.72,6.02,6.46,2.36,1
2020-06-12,71.15,71.42,67.19,69.89,370823,-1.26,4.23,-1.8,6.05,2.12,1
2020-06-11,72.65,73.1,68.95,69.07,524149,-3.58,4.15,-5.18,6.01,2.07,-1
2020-06-10,73.85,75.86,72.73,74.17,383972,0.32,3.13,0.43,4.22,1.56,1
2020-06-09,73.54,75.25,73.3,73.45,421446,-0.09,1.95,-0.12,2.65,0.98,-1
2020-06-08,72.72,74.52,71.19,74.3,374577,1.58,3.33,2.13,4.48,1.66,1
2020-06-05,70.0,72.65,68.08,71.17,450898,1.17,4.57,1.64,6.42,2.29,1
2020-06-04,74.1,74.89,68.67,69.51,689471,-4.59,6.22,-6.6,8.95,3.11,-1
2020-06-03,71.08,74.92,70.58,74.53,995754,3.45,4.34,4.63,5.82,2.17,1
2020-06-02,66.03,70.8,64.91,70.72,628342,4.69,5.89,6.63,8.33,2.94,1
2020-06-01,65.32,67.25,64.09,66.24,521884,0.92,3.16,1.38,4.77,1.58,1
2020-05-29,66.84,67.28,62.48,65.14,828549,-1.7,4.8,-2.61,7.37,2.4,-1
2020-05-28,64.89,68.0,64.75,66.99,632454,2.1,3.25,3.13,4.84,1.62,1
2020-05-27,65.48,65.48,61.5,64.31,694667,-1.17,3.98,-1.82,6.19,1.99,-1
2020-05-26,67.11,68.39,65.22,65.32,473162,-1.79,3.17,-2.74,4.85,1.59,1
2020-05-22,64.2,65.26,62.45,65.18,529639,0.98,2.81,1.5,4.31,1.41,1
2020-05-21,63.69,65.34,62.96,64.6,334722,0.91,2.38,1.41,3.68,1.19,1
2020-05-20,61.86,63.59,60.82,63.49,519442,1.63,2.78,2.57,4.37,1.39,1
2020-05-19,62.79,63.37,61.52,61.57,316045,-1.22,1.85,-1.98,3.0,0.92,-1
2020-05-18,64.15,65.84,63.13,63.31,668050,-0.84,2.71,-1.33,4.28,1.36,-1
2020-05-15,63.64,65.29,62.26,63.58,695455,-0.06,3.03,-0.09,4.77,1.52,-1
2020-05-14,62.69,64.6,62.09,64.28,556395,1.59,2.51,2.47,3.9,1.25,1
2020-05-13,63.46,64.04,61.91,63.78,682253,0.32,2.13,0.5,3.34,1.07,1
2020-05-12,65.79,66.33,63.24,63.32,885218,-2.47,3.09,-3.89,4.88,1.54,-1
2020-05-11,60.25,66.09,60.0,65.08,1014679,4.83,6.09,7.42,9.36,3.05,1
2020-05-08,61.22,62.25,59.04,59.37,550585,-1.85,3.21,-3.12,5.41,1.61,-1
2020-05-07,60.04,61.06,58.32,60.18,406858,0.14,2.74,0.23,4.55,1.37,1
2020-05-06,58.29,60.19,57.48,58.97,523473,0.68,2.71,1.15,4.6,1.36,-1
2020-05-05,59.75,61.0,58.61,59.74,610300,-0.01,2.39,-0.02,4.0,1.19,1
2020-05-04,56.98,58.2,56.0,58.13,645795,1.15,2.2,1.98,3.78,1.1,1
2020-05-01,58.0,58.53,56.51,57.15,655519,-0.85,2.02,-1.49,3.53,1.01,-1
2020-04-30,60.0,60.04,58.37,58.83,674075,-1.17,1.67,-1.99,2.83,0.83,-1
2020-04-29,59.1,61.5,58.18,60.13,1601631,1.03,3.32,1.71,5.52,1.66,1
2020-04-28,61.0,61.33,56.12,58.63,3810617,-2.37,5.21,-4.04,8.89,2.61,-1
2020-04-27,71.93,72.36,70.36,70.9,422377,-1.03,2.0,-1.45,2.82,1.0,1
2020-04-24,70.1,71.35,68.78,70.69,376539,0.59,2.57,0.83,3.63,1.28,1
2020-04-23,70.68,71.99,68.76,69.36,412643,-1.32,3.23,-1.9,4.66,1.61,-1
2020-04-22,71.3,71.58,69.51,70.15,370052,-1.15,2.07,-1.64,2.95,1.03,1
2020-04-21,70.46,70.74,68.22,70.11,372768,-0.35,2.52,-0.5,3.59,1.26,-1
2020-04-20,68.89,71.17,68.76,70.61,937610,1.72,2.41,2.44,3.41,1.2,1
2020-04-17,69.66,71.46,68.4,70.1,626820,0.44,3.06,0.63,4.37,1.53,1
2020-04-16,65.0,67.89,63.81,67.87,436642,2.87,4.08,4.23,6.01,2.04,1
2020-04-15,65.0,66.06,64.0,64.33,433350,-0.67,2.06,-1.04,3.2,1.03,-1
2020-04-14,64.85,66.96,64.67,66.65,485940,1.8,2.29,2.7,3.44,1.15,1
2020-04-13,66.12,66.76,63.64,63.91,821351,-2.21,3.12,-3.46,4.88,1.56,-1
2020-04-09,67.75,69.38,63.76,66.2,578532,-1.55,5.62,-2.34,8.49,2.81,-1
2020-04-08,65.94,67.41,64.44,67.03,555733,1.09,2.97,1.63,4.44,1.49,1
2020-04-07,67.23,69.0,64.11,65.26,1078867,-1.97,4.89,-3.02,7.49,2.45,-1
2020-04-06,62.25,65.86,61.87,65.63,745975,3.38,3.99,5.15,6.09,2.0,1
2020-04-03,59.61,60.98,58.02,59.69,362257,0.08,2.96,0.13,4.96,1.48,-1
2020-04-02,56.55,60.5,56.09,60.39,544093,3.84,4.41,6.36,7.3,2.2,1
2020-04-01,56.84,59.61,55.28,57.09,682297,0.25,4.33,0.44,7.58,2.16,-1
2020-03-31,58.04,59.88,55.5,58.48,643214,0.44,4.38,0.75,7.49,2.19,1
2020-03-30,59.55,59.55,56.56,57.97,825246,-1.58,2.99,-2.73,5.16,1.49,-1
2020-03-27,59.3,60.81,56.95,58.11,843370,-1.19,3.86,-2.05,6.65,1.93,-1
2020-03-26,56.94,61.23,56.94,61.23,522818,4.29,4.29,7.01,7.01,2.14,1
2020-03-25,57.92,61.37,56.25,57.68,748543,-0.24,5.12,-0.42,8.87,2.56,-1
2020-03-24,54.05,59.0,52.86,58.95,703100,4.9,6.14,8.31,10.42,3.07,1
2020-03-23,53.58,56.14,49.7,51.32,1139207,-2.26,6.44,-4.4,12.55,3.22,-1
2020-03-20,60.26,60.48,53.27,53.47,1228423,-6.79,7.21,-12.7,13.48,3.6,-1
2020-03-19,54.0,59.29,53.38,58.34,884197,4.34,5.91,7.44,10.13,2.95,1
2020-03-18,55.0,57.44,50.52,54.0,1320197,-1.0,6.91,-1.85,12.81,3.46,-1
2020-03-17,52.86,60.6,50.48,57.77,1473044,4.91,10.12,8.5,17.51,5.06,1
2020-03-16,46.0,59.71,43.29,48.11,3117972,2.11,16.42,4.39,34.13,8.21,-1
2020-03-13,51.46,51.46,45.57,50.04,783275,-1.42,5.89,-2.84,11.77,2.94,1
2020-03-12,48.41,51.75,46.82,48.64,1306785,0.23,4.93,0.47,10.14,2.46,-1
2020-03-11,56.24,56.91,51.88,52.42,592614,-3.82,5.03,-7.29,9.6,2.51,-1
2020-03-10,56.68,57.84,52.52,57.81,863469,1.13,5.32,1.95,9.2,2.66,1
2020-03-09,51.88,56.79,51.88,54.75,852829,2.87,4.91,5.24,8.97,2.45,-1
2020-03-06,56.07,58.12,56.04,57.35,476001,1.28,2.08,2.23,3.63,1.04,-1
2020-03-05,58.49,60.82,57.07,58.4,571800,-0.09,3.75,-0.15,6.42,1.88,-1
2020-03-04,58.9,60.9,57.02,60.46,830554,1.56,3.88,2.58,6.42,1.94,1
2020-03-03,56.67,58.43,55.58,57.46,829845,0.79,2.85,1.37,4.96,1.43,1
2020-03-02,54.77,57.41,53.3,57.09,777710,2.32,4.11,4.06,7.2,2.05,1
2020-02-28,52.65,55.57,51.68,54.13,1226305,1.48,3.89,2.73,7.19,1.94,-1
2020-02-27,56.49,57.82,54.32,54.38,653604,-2.11,3.51,-3.88,6.45,1.75,-1
2020-02-26,59.75,60.01,57.17,57.56,565757,-2.19,2.84,-3.8,4.93,1.42,-1
2020-02-25,62.5,63.36,58.56,59.26,825714,-3.24,4.8,-5.47,8.1,2.4,-1
2020-02-24,65.22,65.94,61.79,61.97,575792,-3.25,4.15,-5.24,6.7,2.07,-1
2020-02-21,67.98,68.15,64.86,67.63,729453,-0.35,3.29,-0.52,4.86,1.65,-1
2020-02-20,66.14,68.04,65.93,67.97,859138,1.83,2.11,2.69,3.1,1.05,1
2020-02-19,66.71,67.02,65.55,65.92,405160,-0.79,1.47,-1.2,2.22,0.73,-1
2020-02-18,66.65,67.66,65.71,66.11,540884,-0.54,1.95,-0.82,2.94,0.97,-1
2020-02-14,63.47,67.24,63.2,66.98,568779,3.51,4.03,5.24,6.02,2.02,1
2020-02-13,64.52,66.22,63.46,63.81,740260,-0.71,2.76,-1.11,4.33,1.38,-1
2020-02-12,63.66,65.15,62.99,64.74,583613,1.08,2.16,1.67,3.34,1.08,1
2020-02-11,62.07,63.67,61.78,63.06,802632,0.99,1.89,1.57,3.0,0.95,1
2020-02-10,61.19,62.19,60.6,61.74,759147,0.55,1.59,0.89,2.58,0.79,1
2020-02-07,61.24,62.37,60.6,61.5,964552,0.26,1.77,0.42,2.88,0.88,-1
2020-02-06,66.32,66.32,61.45,61.81,1767767,-4.51,4.87,-7.3,7.88,2.43,-1
2020-02-05,63.95,66.25,63.95,65.33,924222,1.38,2.3,2.11,3.52,1.15,1
2020-02-04,63.48,64.63,62.79,63.94,900028,0.46,1.84,0.72,2.88,0.92,1
2020-02-03,63.75,64.07,62.4,62.67,699651,-1.08,1.67,-1.72,2.66,0.83,-1
2020-01-31,64.15,64.22,62.41,63.45,851405,-0.7,1.81,-1.1,2.85,0.91,-1
2020-01-30,65.26,65.82,62.86,64.23,643499,-1.03,2.96,-1.6,4.61,1.48,-1
2020-01-29,65.73,67.38,65.17,66.12,581149,0.39,2.21,0.59,3.34,1.1,1
2020-01-28,65.68,66.41,64.79,65.11,751829,-0.57,1.62,-0.88,2.49,0.81,-1
2020-01-27,64.38,66.05,63.05,65.41,1309222,1.03,3.0,1.57,4.59,1.5,-1
2020-01-24,68.1,68.1,64.3,65.58,1864112,-2.52,3.8,-3.84,5.79,1.9,-1
2020-01-23,67.5,68.4,65.1,67.19,3589090,-0.31,3.3,-0.47,4.91,1.65,-1
2020-01-22,77.75,78.29,69.01,69.82,1878923,-7.93,9.28,-11.36,13.29,4.64,-1
2020-01-21,81.0,81.47,79.62,79.74,729460,-1.26,1.85,-1.58,2.32,0.92,-1
2020-01-17,81.0,81.5,79.66,81.1,363601,0.1,1.84,0.12,2.27,0.92,1
2020-01-16,80.91,81.3,79.39,80.96,461829,0.05,1.91,0.06,2.36,0.95,1
2020-01-15,77.09,81.3,77.0,80.26,660028,3.17,4.3,3.95,5.36,2.15,1
2020-01-14,75.03,79.44,74.16,76.77,1045873,1.74,5.28,2.27,6.88,2.64,1
2020-01-13,82.36,83.05,74.09,75.64,1715573,-6.72,8.96,-8.88,11.85,4.48,-1
2020-01-10,83.0,87.43,80.94,82.22,899405,-0.78,6.49,-0.95,7.89,3.25,1
2020-01-09,81.74,84.9,79.37,80.82,1158899,-0.92,5.53,-1.14,6.84,2.77,1
2020-01-08,80.28,82.9,79.89,80.3,717878,0.02,3.0,0.02,3.74,1.5,-1
2020-01-07,80.59,81.46,79.75,80.46,274022,-0.13,1.71,-0.16,2.13,0.85,-1
2020-01-06,80.04,81.3,79.18,81.24,409024,1.2,2.12,1.48,2.62,1.06,1
2020-01-03,80.42,82.58,80.0,80.79,367354,0.37,2.58,0.46,3.19,1.29,-1
2020-01-02,80.59,82.98,80.0,82.19,455291,1.6,2.98,1.95,3.63,1.49,1
2019-12-31,80.53,81.7,80.0,80.11,250733,-0.42,1.7,-0.52,2.12,0.85,-1
2019-12-30,81.6,82.36,79.1,80.69,423600,-0.91,3.26,-1.13,4.04,1.63,-1
2019-12-27,82.53,82.53,80.26,81.27,324935,-1.26,2.27,-1.55,2.79,1.13,-1
2019-12-26,82.78,82.78,81.02,81.71,226358,-1.07,1.76,-1.31,2.15,0.88,-1
2019-12-24,82.0,83.0,80.51,82.59,209791,0.59,2.49,0.71,3.02,1.25,1
2019-12-23,80.29,81.9,78.51,81.81,369558,1.52,3.39,1.86,4.14,1.7,1
2019-12-20,78.0,80.12,76.95,79.48,815731,1.48,3.17,1.86,3.99,1.59,1
2019-12-19,78.38,80.19,77.5,78.0,362324,-0.38,2.69,-0.49,3.46,1.35,-1
2019-12-18,76.21,78.51,75.69,78.28,603231,2.07,2.82,2.64,3.6,1.41,1
2019-12-17,77.2,77.9,75.52,76.0,472543,-1.2,2.38,-1.58,3.13,1.19,-1
2019-12-16,74.59,77.36,73.57,77.08,373045,2.49,3.79,3.23,4.92,1.9,1
2019-12-13,73.76,75.08,73.02,74.25,296138,0.49,2.06,0.66,2.77,1.03,1
2019-12-12,72.38,75.19,72.34,73.76,375442,1.38,2.85,1.87,3.86,1.42,1
2019-12-11,71.4,73.45,70.57,72.8,544914,1.4,2.88,1.92,3.96,1.44,1
2019-12-10,70.26,71.7,69.43,71.09,397049,0.83,2.27,1.17,3.19,1.13,1
2019-12-09,75.67,77.0,69.77,70.37,1085662,-5.3,7.23,-7.53,10.27,3.62,-1
2019-12-06,74.84,78.71,74.07,78.48,435480,3.64,4.64,4.64,5.91,2.32,1
2019-12-05,75.45,76.79,74.33,74.56,708933,-0.89,2.46,-1.19,3.3,1.23,-1
2019-12-04,77.25,77.35,74.38,75.1,688805,-2.15,2.97,-2.86,3.96,1.49,-1
2019-12-03,74.62,77.44,74.25,76.72,330872,2.1,3.19,2.74,4.16,1.59,1
2019-12-02,81.45,81.45,74.44,76.31,1022936,-5.14,7.01,-6.74,9.19,3.5,-1
2019-11-29,77.38,83.0,76.19,82.04,376043,4.66,6.81,5.68,8.3,3.41,1
2019-11-27,78.82,79.94,76.24,77.13,625732,-1.69,3.7,-2.19,4.8,1.85,-1
2019-11-26,79.01,79.98,78.03,78.68,281545,-0.33,1.95,-0.42,2.48,0.98,-1
2019-11-25,76.17,79.44,76.17,78.86,359475,2.69,3.27,3.41,4.15,1.63,1
2019-11-22,77.45,77.48,74.66,76.01,284728,-1.44,2.83,-1.89,3.72,1.41,-1
2019-11-21,76.0,77.47,75.3,76.97,356321,0.97,2.17,1.26,2.82,1.09,1
2019-11-20,76.61,77.99,74.79,75.69,544247,-0.92,3.2,-1.22,4.23,1.6,-1
2019-11-19,74.98,77.78,74.98,77.13,490885,2.15,2.8,2.79,3.63,1.4,1
2019-11-18,75.01,76.37,74.02,74.54,424889,-0.47,2.35,-0.63,3.15,1.18,-1
2019-11-15,72.68,75.44,71.71,75.35,258877,2.67,3.73,3.54,4.95,1.87,1
2019-11-14,72.8,73.62,71.51,72.09,592424,-0.71,2.11,-0.98,2.93,1.05,-1
2019-11-13,70.95,73.55,70.09,73.3,307943,2.35,3.46,3.21,4.72,1.73,1
2019-11-12,70.93,72.38,70.5,71.11,569761,0.18,1.88,0.25,2.64,0.94,1
2019-11-11,72.67,74.22,70.5,70.97,396441,-1.7,3.72,-2.4,5.24,1.86,-1
2019-11-08,72.76,75.61,72.76,73.26,298040,0.5,2.85,0.68,3.9,1.43,1
2019-11-07,75.2,77.37,72.4,73.13,349029,-2.07,4.97,-2.83,6.8,2.48,-1
2019-11-06,73.07,77.33,71.21,74.1,712091,1.03,6.12,1.39,8.26,3.06,1
2019-11-05,69.99,71.58,67.06,70.5,858467,0.51,4.52,0.72,6.42,2.26,1
2019-11-04,68.67,69.0,66.68,67.12,533402,-1.55,2.33,-2.31,3.46,1.16,-1
2019-11-01,69.58,69.62,67.1,68.48,540625,-1.1,2.52,-1.61,3.68,1.26,-1
2019-10-31,68.84,69.98,66.64,68.84,613236,0.0,3.34,0.0,4.85,1.67,-1
2019-10-30,66.6,68.89,65.67,68.85,375425,2.25,3.22,3.27,4.68,1.61,1
2019-10-29,66.57,69.12,65.86,66.73,1169864,0.16,3.26,0.24,4.89,1.63,-1
2019-10-28,75.0,76.25,66.25,67.05,2041274,-7.95,10.0,-11.86,14.91,5.0,-1
2019-10-25,76.84,78.32,76.19,77.69,429054,0.85,2.13,1.09,2.74,1.07,1
2019-10-24,77.83,78.21,76.45,76.95,197863,-0.88,1.76,-1.14,2.29,0.88,-1
2019-10-23,76.14,78.93,76.14,77.55,292502,1.41,2.79,1.82,3.6,1.4,1
2019-10-22,79.44,80.39,74.69,76.36,326031,-3.08,5.7,-4.03,7.46,2.85,-1
2019-10-21,75.73,79.32,75.08,78.68,464907,2.95,4.24,3.75,5.4,2.12,1
2019-10-18,74.13,75.53,72.43,75.15,618667,1.02,3.1,1.36,4.13,1.55,1
2019-10-17,74.05,75.71,73.63,74.79,229027,0.74,2.08,0.99,2.78,1.04,1
2019-10-16,74.14,74.69,73.0,73.62,226776,-0.52,1.69,-0.71,2.3,0.84,-1
2019-10-15,72.14,74.52,71.7,74.49,190624,2.35,2.82,3.15,3.79,1.41,1
2019-10-14,73.34,73.96,71.9,71.96,264475,-1.38,2.06,-1.92,2.86,1.03,-1
2019-10-11,72.86,74.6,72.16,73.67,226700,0.81,2.44,1.1,3.31,1.22,1
2019-10-10,71.96,72.58,70.81,71.94,239036,-0.02,1.77,-0.03,2.46,0.88,-1
2019-10-09,72.87,73.55,71.83,71.95,190514,-0.92,1.72,-1.28,2.39,0.86,-1
2019-10-08,71.16,73.81,69.81,72.26,321655,1.1,4.0,1.52,5.54,2.0,1
2019-10-07,73.94,74.3,71.81,71.89,378249,-2.05,2.49,-2.85,3.46,1.24,-1
2019-10-04,75.59,75.86,72.68,74.48,262664,-1.11,3.18,-1.49,4.27,1.59,-1
2019-10-03,73.2,75.19,71.56,75.11,323288,1.91,3.63,2.54,4.84,1.82,1
2019-10-02,70.73,73.88,70.2,72.92,318075,2.19,3.68,3.0,5.05,1.84,1
2019-10-01,73.87,74.84,71.46,71.55,432534,-2.32,3.38,-3.24,4.72,1.69,-1
2019-09-30,72.99,74.74,72.34,73.47,499095,0.48,2.39,0.65,3.26,1.2,1
2019-09-27,75.52,76.42,72.72,73.19,387189,-2.33,3.7,-3.18,5.05,1.85,-1
2019-09-26,77.05,77.9,73.8,75.16,301693,-1.89,4.1,-2.51,5.46,2.05,-1
2019-09-25,76.69,78.29,75.38,77.19,488359,0.5,2.91,0.65,3.77,1.46,1
2019-09-24,80.57,81.29,75.82,76.51,516768,-4.06,5.47,-5.31,7.14,2.73,-1
2019-09-23,80.83,81.22,79.51,80.43,287994,-0.4,1.71,-0.5,2.13,0.86,-1
2019-09-20,79.19,81.36,78.85,80.9,796406,1.71,2.51,2.11,3.1,1.25,1
2019-09-19,79.87,81.36,78.91,79.4,256652,-0.47,2.45,-0.59,3.09,1.23,-1
2019-09-18,80.85,80.85,78.82,79.49,426168,-1.36,2.03,-1.71,2.55,1.02,-1
2019-09-17,81.0,82.32,79.7,80.94,245439,-0.06,2.62,-0.07,3.24,1.31,-1
2019-09-16,78.14,81.37,78.0,81.0,305841,2.86,3.37,3.53,4.16,1.69,1
2019-09-13,79.1,79.79,78.01,78.94,390493,-0.16,1.78,-0.2,2.25,0.89,-1
2019-09-12,79.61,79.89,76.25,79.0,620525,-0.61,3.64,-0.77,4.61,1.82,1
2019-09-11,73.5,76.97,73.45,76.82,418427,3.32,3.52,4.32,4.58,1.76,1
2019-09-10,72.21,73.27,68.76,72.9,802588,0.69,4.51,0.95,6.19,2.25,-1
2019-09-09,74.5,77.13,72.61,73.17,869762,-1.33,4.52,-1.82,6.18,2.26,-1
2019-09-06,78.25,79.38,76.83,77.96,462874,-0.29,2.55,-0.37,3.27,1.27,-1
2019-09-05,76.19,78.5,75.19,78.05,300330,1.86,3.31,2.38,4.24,1.66,1
2019-09-04,75.34,75.52,73.18,75.29,603594,-0.05,2.34,-0.07,3.11,1.17,1
2019-09-03,76.24,78.45,73.66,74.06,520148,-2.18,4.79,-2.94,6.47,2.4,-1
2019-08-30,78.7,79.71,76.08,76.67,329594,-2.03,3.63,-2.65,4.73,1.81,-1
2019-08-29,78.97,79.67,77.65,78.49,184787,-0.48,2.02,-0.61,2.57,1.01,1
2019-08-28,77.12,78.31,76.08,78.24,237327,1.12,2.23,1.43,2.85,1.12,1
2019-08-27,77.46,78.15,76.09,77.72,426134,0.26,2.06,0.33,2.65,1.03,1
2019-08-26,78.11,78.77,75.18,76.81,301309,-1.3,3.59,-1.69,4.68,1.8,-1
2019-08-23,77.3,79.18,76.47,76.89,465999,-0.41,2.71,-0.53,3.52,1.36,-1
2019-08-22,79.8,79.8,77.23,77.27,405711,-2.53,2.57,-3.27,3.33,1.28,-1
2019-08-21,79.91,80.68,78.92,79.49,541714,-0.42,1.76,-0.53,2.21,0.88,1
2019-08-20,80.78,80.78,77.86,78.57,659707,-2.21,2.92,-2.81,3.72,1.46,-1
2019-08-19,85.56,85.91,80.5,81.27,569016,-4.29,5.41,-5.28,6.66,2.71,-1
2019-08-16,82.79,84.93,82.11,84.06,449709,1.27,2.82,1.51,3.35,1.41,1
2019-08-15,84.02,84.82,81.1,81.73,766640,-2.29,3.72,-2.8,4.55,1.86,-1
2019-08-14,83.98,85.62,83.01,83.62,550267,-0.36,2.61,-0.43,3.12,1.3,-1
2019-08-13,81.95,86.8,81.0,85.76,851316,3.81,5.8,4.44,6.76,2.9,-1
2019-08-12,91.25,91.25,87.52,89.1,347441,-2.15,3.73,-2.41,4.19,1.87,-1
2019-08-09,92.41,93.7,90.83,91.97,262631,-0.44,2.87,-0.48,3.12,1.44,-1
2019-08-08,92.13,93.9,92.02,93.0,409136,0.87,1.88,0.94,2.02,0.94,1
2019-08-07,88.19,93.01,87.78,91.53,381905,3.34,5.23,3.65,5.71,2.62,1
2019-08-06,88.18,90.1,87.03,89.03,352329,0.85,3.06,0.95,3.44,1.53,1
2019-08-05,88.47,89.39,85.95,87.26,490677,-1.21,3.44,-1.39,3.94,1.72,-1
2019-08-02,94.09,96.18,87.98,90.89,468703,-3.2,8.2,-3.52,9.02,4.1,-1
2019-08-01,99.62,99.96,92.9,93.82,724913,-5.8,7.06,-6.18,7.53,3.53,-1
2019-07-31,98.63,101.76,97.45,100.15,511118,1.52,4.31,1.52,4.3,2.16,1
2019-07-30,98.33,99.85,97.83,98.0,368256,-0.33,2.02,-0.34,2.06,1.01,-1
2019-07-29,100.27,100.27,97.25,98.91,287720,-1.36,3.02,-1.37,3.05,1.51,-1
2019-07-26,97.69,100.15,96.6,99.98,315594,2.29,3.55,2.29,3.55,1.78,1
2019-07-25,101.28,102.98,97.3,97.41,498618,-3.87,5.68,-3.97,5.83,2.84,-1
2019-07-24,100.0,101.89,98.91,101.41,379398,1.41,2.98,1.39,2.94,1.49,1
2019-07-23,100.37,101.48,98.22,100.81,318423,0.44,3.26,0.44,3.23,1.63,1
2019-07-22,97.39,101.24,97.39,99.8,377037,2.41,3.85,2.41,3.86,1.92,1
2019-07-19,98.56,101.91,97.0,97.75,436499,-0.81,4.91,-0.83,5.02,2.45,-1
2019-07-18,96.8,99.14,95.87,98.24,286177,1.44,3.27,1.47,3.33,1.63,1
2019-07-17,94.72,96.72,93.86,96.33,162977,1.61,2.86,1.67,2.97,1.43,1
2019-07-16,96.1,96.21,94.71,94.74,223574,-1.36,1.5,-1.44,1.58,0.75,-1
2019-07-15,94.98,96.28,93.72,95.92,215452,0.94,2.56,0.98,2.66,1.28,1
2019-07-12,93.99,95.82,92.61,94.99,278481,1.0,3.21,1.05,3.38,1.6,1
2019-07-11,97.35,98.42,92.64,94.09,324653,-3.26,5.78,-3.46,6.14,2.89,-1
2019-07-10,96.54,98.84,95.71,96.76,351297,0.22,3.13,0.23,3.23,1.57,1
2019-07-09,94.9,98.42,94.34,96.25,323662,1.35,4.08,1.4,4.24,2.04,1
2019-07-08,94.85,95.59,92.57,95.37,452624,0.52,3.02,0.55,3.17,1.51,-1
2019-07-05,97.96,98.17,95.44,95.79,289746,-2.17,2.73,-2.27,2.85,1.37,-1
2019-07-03,97.5,98.62,97.09,98.49,287701,0.99,1.52,1.01,1.55,0.76,1
2019-07-02,96.98,97.55,96.35,97.23,440091,0.25,1.2,0.26,1.23,0.6,1
2019-07-01,96.2,97.59,93.41,96.92,650225,0.72,4.18,0.74,4.31,2.09,1
2019-06-28,92.92,95.2,92.56,94.33,1110658,1.41,2.64,1.49,2.8,1.32,1
2019-06-27,90.6,92.78,90.4,92.71,422767,2.11,2.38,2.28,2.57,1.19,1
2019-06-26,92.37,93.48,89.86,90.29,336235,-2.08,3.62,-2.3,4.01,1.81,-1
2019-06-25,92.0,93.14,89.18,91.69,586826,-0.31,3.96,-0.34,4.32,1.98,-1
2019-06-24,95.25,96.18,92.66,92.82,397321,-2.43,3.52,-2.62,3.79,1.76,-1
2019-06-21,94.34,95.66,93.12,95.17,900277,0.83,2.54,0.87,2.67,1.27,1
2019-06-20,98.0,99.42,94.52,94.88,531985,-3.12,4.9,-3.29,5.16,2.45,-1
2019-06-19,97.99,98.94,95.54,96.77,791103,-1.22,3.4,-1.26,3.51,1.7,-1
2019-06-18,95.74,98.14,95.13,97.8,467988,2.06,3.01,2.11,3.08,1.51,1
2019-06-17,96.99,100.76,93.98,94.44,1254150,-2.55,6.78,-2.7,7.18,3.39,1
2019-06-14,90.82,91.06,88.84,90.7,291243,-0.12,2.22,-0.13,2.45,1.11,-1
2019-06-13,86.79,91.0,86.42,90.94,576510,4.15,4.58,4.56,5.04,2.29,1
2019-06-12,85.0,86.22,81.9,86.19,402322,1.19,4.32,1.38,5.01,2.16,1
2019-06-11,88.75,89.25,85.11,85.24,458559,-3.51,4.14,-4.12,4.86,2.07,-1
2019-06-10,88.3,90.0,86.75,87.36,361272,-0.94,3.25,-1.08,3.72,1.62,-1
2019-06-07,90.88,91.8,87.16,88.3,582832,-2.58,4.64,-2.92,5.25,2.32,-1
2019-06-06,83.38,91.3,83.38,90.19,889783,6.81,7.92,7.55,8.78,3.96,1
2019-06-05,78.91,83.75,78.22,83.19,840022,4.28,5.53,5.14,6.65,2.77,1
2019-06-04,75.09,78.57,73.05,78.51,1093980,3.42,5.52,4.36,7.03,2.76,1
2019-06-03,74.12,75.04,67.21,73.54,1138917,-0.58,7.83,-0.79,10.65,3.92,-1
2019-05-31,77.42,77.52,75.67,76.0,493494,-1.42,1.85,-1.87,2.43,0.92,-1
2019-05-30,80.75,81.61,77.73,78.21,477039,-2.54,3.88,-3.25,4.96,1.94,-1
2019-05-29,81.42,82.62,80.15,80.61,229988,-0.81,2.47,-1.0,3.07,1.24,-1
2019-05-28,84.0,85.38,81.74,82.41,388288,-1.59,3.64,-1.93,4.42,1.82,-1
2019-05-24,83.5,85.45,82.47,84.68,395729,1.18,2.98,1.39,3.52,1.49,1
2019-05-23,81.01,83.18,80.05,82.95,526049,1.94,3.14,2.34,3.78,1.57,1
2019-05-22,78.43,81.69,78.33,81.2,342507,2.77,3.36,3.41,4.14,1.68,1
2019-05-21,76.81,79.23,76.44,78.97,369793,2.16,2.79,2.74,3.53,1.4,1
2019-05-20,80.36,81.19,75.76,75.88,562803,-4.48,5.43,-5.9,7.16,2.71,-1
2019-05-17,80.1,82.12,79.52,81.3,304152,1.2,2.6,1.48,3.2,1.3,1
2019-05-16,77.66,81.27,77.66,81.09,358147,3.43,3.61,4.23,4.45,1.8,1
2019-05-15,75.77,77.89,75.2,77.2,375934,1.43,2.69,1.85,3.48,1.34,1
2019-05-14,74.87,78.84,74.87,76.25,633218,1.38,3.97,1.81,5.21,1.98,1
2019-05-13,81.5,81.5,73.37,74.17,969316,-7.33,8.13,-9.88,10.96,4.06,-1
2019-05-10,81.77,83.78,79.69,83.66,537566,1.89,4.09,2.26,4.89,2.05,1
2019-05-09,76.5,82.76,76.5,82.3,795356,5.8,6.26,7.05,7.61,3.13,1
2019-05-08,74.75,77.25,73.02,76.76,392377,2.01,4.23,2.62,5.51,2.12,1
2019-05-07,79.63,80.82,75.53,76.18,468672,-3.45,5.28,-4.53,6.94,2.64,-1
2019-05-06,77.45,81.35,77.45,80.84,248751,3.39,3.9,4.19,4.83,1.95,1
2019-05-03,76.79,79.51,76.24,79.44,241811,2.65,3.27,3.34,4.12,1.64,1
2019-05-02,74.52,77.32,73.17,76.54,208892,2.02,4.15,2.64,5.42,2.07,1
2019-05-01,75.83,76.82,73.88,74.28,324398,-1.55,2.94,-2.09,3.96,1.47,-1
2019-04-30,78.5,79.07,74.03,75.61,412107,-2.89,5.04,-3.82,6.67,2.52,-1
2019-04-29,76.8,80.0,76.8,78.47,319479,1.67,3.2,2.13,4.08,1.6,1
2019-04-26,77.09,77.22,75.69,76.86,295824,-0.23,1.53,-0.3,2.0,0.77,-1
2019-04-25,75.09,77.52,74.6,76.9,327392,1.81,2.92,2.35,3.79,1.46,1
2019-04-24,77.76,77.76,75.33,75.46,213115,-2.3,2.43,-3.05,3.22,1.22,-1
2019-04-23,75.72,78.4,75.07,77.64,381853,1.92,3.34,2.47,4.3,1.67,1
2019-04-22,73.61,75.91,72.61,75.43,367148,1.82,3.3,2.41,4.37,1.65,1
2019-04-18,73.65,75.21,71.92,73.85,456956,0.2,3.29,0.27,4.45,1.64,1
2019-04-17,78.22,78.81,72.49,73.73,519625,-4.49,6.32,-6.09,8.57,3.16,-1
2019-04-16,78.32,78.87,76.88,78.1,432500,-0.22,1.99,-0.28,2.55,1.0,1
2019-04-15,80.25,81.13,76.2,77.7,528771,-2.55,4.93,-3.28,6.34,2.46,-1
2019-04-12,83.65,83.77,79.56,80.43,603623,-3.22,4.21,-4.0,5.23,2.1,-1
2019-04-11,82.09,83.25,80.74,82.86,366245,0.77,2.51,0.93,3.03,1.26,1
2019-04-10,81.37,82.92,81.1,82.09,248391,0.72,1.82,0.88,2.22,0.91,1
2019-04-09,82.78,83.74,80.77,81.02,338105,-1.76,2.97,-2.17,3.67,1.48,-1
2019-04-08,82.83,83.41,81.51,82.79,310161,-0.04,1.9,-0.05,2.29,0.95,-1
2019-04-05,82.14,84.14,81.4,83.21,522179,1.07,2.74,1.29,3.29,1.37,1
2019-04-04,83.87,83.87,80.56,82.19,940169,-1.68,3.31,-2.04,4.03,1.66,-1
2019-04-03,85.32,86.22,83.52,84.98,574552,-0.34,2.7,-0.4,3.17,1.35,1
2019-04-02,80.98,84.72,80.64,83.4,988874,2.42,4.08,2.9,4.9,2.04,1
2019-04-01,81.24,81.55,79.61,81.03,814809,-0.21,1.94,-0.26,2.39,0.97,1
2019-03-29,76.42,81.25,75.52,80.05,2104216,3.63,5.73,4.53,7.16,2.87,1
2019-03-28,79.2,79.72,75.24,75.71,960195,-3.49,4.48,-4.61,5.92,2.24,-1
2019-03-27,80.59,80.89,77.36,79.88,249905,-0.71,3.53,-0.89,4.42,1.77,-1
2019-03-26,79.0,81.34,77.7,81.04,354521,2.04,3.64,2.52,4.49,1.82,1
2019-03-25,78.58,80.2,76.1,78.29,474592,-0.29,4.11,-0.37,5.24,2.05,-1
2019-03-22,83.97,84.6,78.26,78.58,545248,-5.39,6.34,-6.86,8.07,3.17,-1
2019-03-21,82.56,84.5,82.11,84.47,481719,1.91,2.39,2.26,2.83,1.2,1
2019-03-20,83.77,84.52,80.88,83.37,325610,-0.4,3.64,-0.48,4.37,1.82,-1
2019-03-19,83.07,85.5,82.87,84.0,368612,0.93,2.63,1.11,3.13,1.31,1
2019-03-18,85.99,86.66,81.85,82.64,571723,-3.35,4.81,-4.05,5.82,2.41,-1
2019-03-15,85.55,87.92,85.01,85.74,888971,0.19,2.91,0.22,3.39,1.45,1
2019-03-14,85.14,86.89,84.85,84.94,491446,-0.2,2.04,-0.24,2.4,1.02,-1
2019-03-13,83.88,85.87,82.84,85.25,495439,1.37,3.03,1.61,3.55,1.52,1
2019-03-12,84.06,85.15,83.51,83.78,383228,-0.28,1.64,-0.33,1.96,0.82,-1
2019-03-11,81.45,84.46,81.14,84.16,401268,2.71,3.32,3.22,3.94,1.66,1
2019-03-08,78.73,81.37,78.46,81.25,304957,2.52,2.91,3.1,3.58,1.46,1
2019-03-07,78.56,80.29,76.99,79.83,367538,1.27,3.3,1.59,4.13,1.65,1
2019-03-06,83.94,83.94,78.55,78.59,479827,-5.35,5.39,-6.81,6.86,2.7,-1
2019-03-05,84.69,86.14,83.56,83.83,448991,-0.86,2.58,-1.03,3.08,1.29,-1
2019-03-04,88.0,89.0,82.34,84.91,530892,-3.09,6.66,-3.64,7.84,3.33,-1
2019-03-01,82.84,87.36,81.9,86.6,1157778,3.76,5.46,4.34,6.31,2.73,1
2019-02-28,78.75,83.3,77.53,82.19,495925,3.44,5.77,4.19,7.02,2.88,1
2019-02-27,75.93,79.39,75.79,78.71,347580,2.78,3.6,3.53,4.58,1.8,1
2019-02-26,75.5,79.07,74.22,76.42,453461,0.92,4.85,1.2,6.35,2.42,-1
2019-02-25,75.49,78.68,75.23,77.63,502645,2.14,3.45,2.76,4.44,1.73,1
2019-02-22,73.95,74.98,72.79,74.28,341012,0.33,2.19,0.44,2.95,1.09,1
2019-02-21,76.69,76.69,72.65,73.7,270475,-2.99,4.04,-4.06,5.48,2.02,-1
2019-02-20,75.81,77.53,74.61,77.2,365641,1.39,2.92,1.8,3.78,1.46,1
2019-02-19,76.32,76.45,74.77,75.26,233176,-1.06,1.68,-1.41,2.23,0.84,-1
2019-02-15,75.0,76.74,74.64,76.09,336734,1.09,2.1,1.43,2.76,1.05,1
2019-02-14,74.04,75.44,73.92,74.64,153100,0.6,1.52,0.8,2.04,0.76,1
2019-02-13,75.0,75.81,74.28,74.34,199954,-0.66,1.53,-0.89,2.06,0.77,-1
2019-02-12,72.7,74.56,72.7,74.47,189563,1.77,1.86,2.38,2.5,0.93,1
2019-02-11,73.18,74.19,72.24,72.53,244601,-0.65,1.95,-0.9,2.69,0.97,-1
2019-02-08,72.97,73.31,71.72,73.14,170665,0.17,1.59,0.23,2.17,0.8,-1
2019-02-07,72.62,73.84,72.5,73.19,329759,0.57,1.34,0.78,1.83,0.67,1
2019-02-06,73.5,74.75,72.05,72.99,317648,-0.51,2.7,-0.7,3.7,1.35,1
2019-02-05,73.47,74.88,72.08,72.19,283081,-1.28,2.8,-1.77,3.88,1.4,-1
2019-02-04,74.13,76.23,72.91,73.05,254469,-1.08,3.32,-1.48,4.54,1.66,-1
2019-02-01,72.79,75.21,72.07,73.73,386427,0.94,3.14,1.27,4.26,1.57,1
2019-01-31,71.22,73.22,69.3,72.09,569670,0.87,3.92,1.21,5.44,1.96,1
2019-01-30,70.0,71.02,69.02,70.9,210116,0.9,2.0,1.27,2.82,1.0,1
2019-01-29,69.47,70.21,68.61,69.55,206428,0.08,1.6,0.12,2.3,0.8,1
2019-01-28,68.86,69.99,68.09,69.4,307486,0.54,1.9,0.78,2.73,0.95,1
2019-01-25,67.11,69.33,66.58,69.32,226049,2.21,2.75,3.19,3.97,1.38,1
2019-01-24,66.85,67.96,66.0,67.1,222546,0.25,1.97,0.37,2.93,0.98,1
2019-01-23,67.02,68.59,65.4,66.77,429285,-0.25,3.19,-0.37,4.78,1.59,1
2019-01-22,69.57,70.03,66.48,66.66,342913,-2.91,3.55,-4.37,5.33,1.77,-1
2019-01-18,67.47,70.06,67.03,70.02,320691,2.55,3.03,3.64,4.33,1.52,1
2019-01-17,67.17,68.8,65.81,67.24,235235,0.07,2.99,0.1,4.45,1.49,-1
2019-01-16,66.45,68.66,66.45,67.83,291119,1.38,2.21,2.03,3.26,1.1,1
2019-01-15,64.87,66.57,62.82,66.15,255020,1.28,3.75,1.93,5.67,1.88,1
2019-01-14,63.78,65.78,62.83,64.6,421509,0.82,2.95,1.27,4.57,1.48,1
2019-01-11,64.15,65.32,62.98,64.43,254314,0.28,2.34,0.43,3.63,1.17,1
2019-01-10,61.18,64.35,59.73,64.27,280968,3.09,4.62,4.81,7.19,2.31,1
2019-01-09,62.73,63.76,61.27,61.63,545429,-1.1,2.49,-1.78,4.04,1.24,-1
2019-01-08,62.0,63.5,59.43,62.52,649826,0.52,4.08,0.83,6.52,2.04,1
2019-01-07,59.0,63.28,59.0,61.04,964276,2.04,4.28,3.34,7.01,2.14,1
2019-01-04,49.76,53.62,49.01,53.48,256918,3.72,4.61,6.96,8.62,2.3,1
2019-01-03,51.21,51.5,48.28,48.7,286987,-2.51,3.22,-5.15,6.6,1.61,-1
2019-01-02,52.76,53.5,50.26,51.18,335763,-1.58,3.24,-3.09,6.33,1.62,-1
2018-12-31,51.22,53.91,50.87,53.91,255708,2.69,3.04,4.99,5.63,1.52,1
2018-12-28,50.41,51.98,49.19,50.72,213460,0.31,2.79,0.61,5.5,1.39,1
2018-12-27,49.89,50.89,47.72,50.62,249915,0.73,3.17,1.44,6.26,1.59,-1
2018-12-26,47.38,51.0,46.66,50.94,279601,3.56,4.34,6.99,8.52,2.17,1
2018-12-24,45.3,48.14,44.58,46.91,185994,1.61,3.56,3.43,7.6,1.78,1
2018-12-21,49.87,51.28,45.52,45.57,643828,-4.3,5.76,-9.44,12.64,2.88,-1
2018-12-20,51.9,52.5,49.75,49.83,403208,-2.07,2.75,-4.15,5.52,1.38,-1
2018-12-19,55.93,56.55,50.34,51.95,337882,-3.98,6.21,-7.66,11.95,3.1,-1
2018-12-18,55.84,56.79,54.56,55.94,494031,0.1,2.23,0.18,3.99,1.11,1
2018-12-17,55.81,56.74,54.7,55.69,289387,-0.12,2.04,-0.22,3.66,1.02,-1
2018-12-14,55.76,56.84,53.66,56.24,381474,0.48,3.18,0.85,5.65,1.59,1
2018-12-13,58.24,58.37,55.59,56.16,255836,-2.08,2.78,-3.7,4.95,1.39,-1
2018-12-12,57.84,58.74,57.25,57.9,322576,0.06,1.49,0.1,2.57,0.75,1
2018-12-11,60.37,60.76,56.97,57.23,185434,-3.14,3.79,-5.49,6.62,1.89,-1
2018-12-10,57.44,59.56,56.13,59.22,255696,1.78,3.43,3.01,5.79,1.72,1
2018-12-07,57.96,59.7,56.64,57.47,314908,-0.49,3.06,-0.85,5.32,1.53,-1
2018-12-06,57.94,59.5,56.39,58.29,493267,0.35,3.12,0.6,5.34,1.56,-1
2018-12-04,60.3,62.5,58.27,58.43,527267,-1.87,4.23,-3.2,7.24,2.11,-1
2018-12-03,58.67,60.86,58.65,60.29,341856,1.62,2.21,2.69,3.67,1.11,1
2018-11-30,56.89,58.4,55.9,57.37,253504,0.48,2.5,0.84,4.36,1.25,1
2018-11-29,55.97,56.98,54.98,56.72,330438,0.75,2.0,1.32,3.53,1.0,1
2018-11-28,56.34,57.94,54.26,56.46,349634,0.12,3.68,0.21,6.52,1.84,1
2018-11-27,57.53,57.53,55.18,55.3,208056,-2.23,2.35,-4.03,4.25,1.18,-1
2018-11-26,56.25,58.87,56.02,57.85,301595,1.6,2.85,2.77,4.93,1.42,1
2018-11-23,54.34,56.5,54.27,55.4,87882,1.06,2.23,1.91,4.03,1.11,1
2018-11-21,52.37,55.65,52.02,55.14,289336,2.77,3.63,5.02,6.58,1.81,1
2018-11-20,51.66,53.91,50.51,51.88,441743,0.22,3.4,0.42,6.55,1.7,-1
2018-11-19,54.86,54.93,52.26,52.73,296449,-2.13,2.67,-4.04,5.06,1.34,-1
2018-11-16,51.99,55.86,51.28,55.25,570216,3.26,4.58,5.9,8.3,2.29,1
2018-11-15,55.96,56.45,51.8,52.26,1417592,-3.7,4.65,-7.08,8.9,2.33,-1
2018-11-14,61.22,61.22,54.5,56.18,757687,-5.04,6.72,-8.97,11.96,3.36,-1
2018-11-13,60.53,61.16,59.34,60.21,410474,-0.32,1.82,-0.53,3.02,0.91,1
2018-11-12,60.15,61.14,57.31,59.78,430187,-0.37,3.83,-0.62,6.41,1.91,-1
2018-11-09,62.89,62.94,59.81,60.22,323106,-2.67,3.13,-4.43,5.2,1.56,-1
2018-11-08,67.18,68.21,63.18,63.29,337774,-3.89,5.03,-6.15,7.95,2.51,-1
2018-11-07,62.22,68.24,60.58,68.17,537400,5.95,7.66,8.73,11.24,3.83,1
2018-11-06,63.33,64.64,61.19,61.69,239491,-1.64,3.45,-2.66,5.59,1.73,-1
2018-11-05,65.92,66.39,62.65,63.47,383591,-2.45,3.74,-3.86,5.89,1.87,-1
2018-11-02,66.57,67.42,63.74,65.76,223462,-0.81,3.68,-1.23,5.6,1.84,1
2018-11-01,61.4,67.19,61.15,65.75,798584,4.35,6.04,6.62,9.18,3.02,1
2018-10-31,60.8,61.86,58.01,60.77,593836,-0.03,3.85,-0.05,6.33,1.92,-1
2018-10-30,59.47,63.89,58.73,60.8,500114,1.33,5.16,2.19,8.49,2.58,-1
2018-10-29,66.49,66.76,60.86,61.63,614590,-4.86,5.9,-7.89,9.57,2.95,-1
2018-10-26,63.11,66.49,62.22,65.44,263086,2.33,4.27,3.56,6.53,2.13,1
2018-10-25,63.01,66.2,62.51,64.42,315246,1.41,3.69,2.19,5.73,1.84,1
2018-10-24,70.04,70.19,62.28,62.45,1233116,-7.59,7.91,-12.15,12.67,3.95,-1
2018-10-23,68.0,71.72,67.85,69.84,465871,1.84,3.87,2.63,5.54,1.94,1
2018-10-22,68.0,69.5,65.9,69.25,282257,1.25,3.6,1.81,5.19,1.8,1
2018-10-19,69.81,72.27,67.52,67.92,292995,-1.89,4.75,-2.78,6.99,2.38,-1
2018-10-18,70.25,70.47,68.25,69.69,235637,-0.56,2.22,-0.8,3.19,1.11,-1
2018-10-17,71.93,71.93,69.05,70.62,290355,-1.31,2.88,-1.85,4.08,1.44,-1
2018-10-16,68.26,72.47,67.9,72.07,348248,3.81,4.57,5.29,6.34,2.28,1
2018-10-15,68.68,68.69,66.92,67.93,250417,-0.75,1.77,-1.1,2.61,0.88,-1
2018-10-12,68.7,69.32,67.2,69.11,275972,0.41,2.12,0.59,3.07,1.06,1
2018-10-11,66.77,69.39,66.68,67.18,322940,0.41,2.72,0.61,4.04,1.36,1
2018-10-10,68.18,69.22,66.5,66.86,333362,-1.32,2.72,-1.97,4.07,1.36,-1
2018-10-09,69.37,72.18,68.41,68.61,289995,-0.76,3.77,-1.11,5.49,1.89,-1
2018-10-08,69.37,69.98,66.46,69.39,346325,0.02,3.53,0.03,5.08,1.76,-1
2018-10-05,71.18,73.12,68.21,69.54,481963,-1.64,4.91,-2.36,7.06,2.46,-1
2018-10-04,73.55,73.68,70.92,71.2,258776,-2.35,2.76,-3.3,3.88,1.38,-1
2018-10-03,72.55,75.24,71.06,74.26,171381,1.71,4.17,2.3,5.62,2.09,1
2018-10-02,73.58,73.74,70.66,72.02,401965,-1.56,3.08,-2.17,4.28,1.54,-1
2018-10-01,78.21,78.73,73.77,73.89,499675,-4.32,4.96,-5.85,6.71,2.48,-1
2018-09-28,78.13,79.27,77.58,78.06,181430,-0.07,1.69,-0.09,2.17,0.85,-1
2018-09-27,77.78,78.87,76.16,78.32,220208,0.54,2.71,0.69,3.46,1.36,1
2018-09-26,76.18,79.62,75.45,77.96,448718,1.78,4.17,2.28,5.35,2.09,1
2018-09-25,72.81,77.36,71.88,75.2,430234,2.39,5.48,3.18,7.29,2.74,1
2018-09-24,69.52,71.7,68.98,71.59,391061,2.07,2.72,2.89,3.8,1.36,1
2018-09-21,71.69,72.36,69.04,69.61,706656,-2.08,3.32,-2.99,4.78,1.66,-1
2018-09-20,72.25,73.74,71.08,71.62,223226,-0.63,2.66,-0.88,3.71,1.33,-1
2018-09-19,71.21,72.73,70.51,71.62,145099,0.41,2.22,0.57,3.1,1.11,1
2018-09-18,68.5,71.26,67.51,70.96,454462,2.46,3.76,3.47,5.29,1.88,1
2018-09-17,73.95,74.37,68.48,68.67,401912,-5.28,5.89,-7.69,8.58,2.94,-1
2018-09-14,74.76,75.82,73.96,73.99,317354,-0.77,1.86,-1.04,2.51,0.93,-1
2018-09-13,75.36,76.47,74.58,74.74,205837,-0.62,1.89,-0.83,2.53,0.95,-1
2018-09-12,76.35,77.21,74.38,74.8,274587,-1.55,2.83,-2.07,3.78,1.41,-1
2018-09-11,75.91,77.0,74.89,76.67,129870,0.76,2.11,0.99,2.75,1.05,1
2018-09-10,75.0,75.87,73.88,75.71,197949,0.71,1.99,0.94,2.62,0.99,1
2018-09-07,73.35,74.78,72.84,74.61,176372,1.26,1.94,1.69,2.6,0.97,1
2018-09-06,74.99,75.2,72.5,73.38,165079,-1.61,2.7,-2.19,3.68,1.35,-1
2018-09-05,75.43,76.38,73.13,75.06,172340,-0.37,3.25,-0.49,4.33,1.62,-1
2018-09-04,76.25,78.79,75.03,75.44,275817,-0.81,3.76,-1.07,4.98,1.88,-1
2018-08-31,74.3,76.8,74.3,76.67,211870,2.37,2.5,3.09,3.26,1.25,1
2018-08-30,74.89,75.84,73.86,74.44,279080,-0.45,1.98,-0.6,2.66,0.99,1
2018-08-29,73.0,74.95,72.51,74.13,217466,1.13,2.44,1.52,3.29,1.22,1
2018-08-28,72.91,74.41,71.62,72.76,158454,-0.15,2.79,-0.21,3.83,1.39,-1
2018-08-27,69.29,73.17,69.12,72.91,268595,3.62,4.05,4.97,5.55,2.02,1
2018-08-24,70.04,71.49,68.64,69.08,330668,-0.96,2.85,-1.39,4.13,1.42,-1
2018-08-23,71.32,71.32,68.66,69.7,196882,-1.62,2.66,-2.32,3.82,1.33,-1
2018-08-22,71.35,72.49,69.99,71.25,227345,-0.1,2.5,-0.14,3.51,1.25,-1
2018-08-21,68.39,71.55,68.25,71.33,223953,2.94,3.3,4.12,4.63,1.65,1
2018-08-20,69.8,70.28,68.29,68.44,123028,-1.36,1.98,-1.99,2.9,0.99,-1
2018-08-17,70.73,71.36,68.75,69.69,324119,-1.04,2.61,-1.49,3.75,1.31,-1
2018-08-16,70.56,71.29,69.43,70.73,252559,0.17,1.86,0.24,2.63,0.93,1
2018-08-15,70.6,71.11,69.67,70.23,176940,-0.37,1.44,-0.53,2.05,0.72,-1
2018-08-14,69.4,71.46,68.71,71.18,140861,1.78,2.75,2.5,3.87,1.38,1
2018-08-13,69.3,70.18,68.66,69.07,200513,-0.23,1.52,-0.33,2.2,0.76,1
2018-08-10,68.32,69.72,68.26,68.86,134087,0.54,1.46,0.78,2.12,0.73,1
2018-08-09,70.0,71.25,68.33,68.44,261533,-1.56,2.92,-2.28,4.27,1.46,-1
2018-08-08,71.46,71.9,69.71,69.82,722943,-1.64,2.19,-2.35,3.14,1.1,-1
2018-08-07,70.65,71.96,69.91,71.56,275261,0.91,2.05,1.27,2.86,1.02,1
2018-08-06,68.69,71.84,68.01,70.72,397783,2.03,3.83,2.87,5.42,1.91,1
2018-08-03,69.68,70.25,67.69,68.25,558789,-1.43,2.56,-2.1,3.75,1.28,-1
2018-08-02,66.56,71.07,66.26,70.2,539951,3.64,4.81,5.19,6.86,2.41,1
2018-08-01,62.23,72.34,60.66,66.79,1543701,4.56,11.68,6.83,17.49,5.84,1
2018-07-31,59.28,60.07,58.65,59.54,574931,0.26,1.42,0.44,2.38,0.71,1
2018-07-30,59.61,59.61,57.44,58.91,334462,-0.7,2.17,-1.19,3.68,1.09,-1
2018-07-27,62.2,62.2,59.25,59.72,247078,-2.48,2.95,-4.15,4.94,1.48,-1
2018-07-26,60.95,62.66,60.44,61.97,269354,1.02,2.21,1.65,3.57,1.11,1
2018-07-25,61.25,62.88,60.29,61.36,334029,0.11,2.59,0.18,4.21,1.29,-1
2018-07-24,61.44,62.75,60.55,61.4,384462,-0.04,2.2,-0.07,3.58,1.1,1
2018-07-23,61.51,63.32,60.24,60.73,370926,-0.78,3.08,-1.28,5.07,1.54,-1
2018-07-20,63.8,64.71,62.06,62.29,406534,-1.51,2.65,-2.42,4.25,1.32,-1
2018-07-19,63.6,64.34,62.43,63.84,353163,0.24,1.91,0.38,2.99,0.96,1
2018-07-18,66.56,66.61,63.72,63.76,362255,-2.8,2.89,-4.39,4.53,1.45,-1
2018-07-17,67.03,69.36,66.56,66.89,293670,-0.14,2.8,-0.21,4.19,1.4,-1
2018-07-16,66.61,67.88,65.7,66.9,378207,0.29,2.18,0.43,3.26,1.09,-1
2018-07-13,67.02,68.26,66.55,66.98,352602,-0.04,1.71,-0.06,2.55,0.86,-1
2018-07-12,66.93,68.1,66.0,67.03,373355,0.1,2.1,0.15,3.13,1.05,1
2018-07-11,65.75,66.62,65.08,66.11,318297,0.36,1.54,0.54,2.33,0.77,-1
2018-07-10,67.28,67.67,66.36,66.48,291615,-0.8,1.31,-1.2,1.97,0.66,-1
2018-07-09,67.49,67.75,65.62,66.8,482854,-0.69,2.13,-1.03,3.19,1.06,-1
2018-07-06,66.66,68.47,66.25,67.11,298648,0.45,2.22,0.67,3.31,1.11,1
2018-07-05,66.37,67.27,65.28,66.23,354180,-0.14,1.99,-0.21,3.0,0.99,1
2018-07-03,65.44,66.11,64.02,65.42,242769,-0.02,2.09,-0.03,3.19,1.05,1
2018-07-02,62.84,65.0,62.36,64.87,321186,2.03,2.64,3.13,4.07,1.32,1
2018-06-29,61.45,63.9,60.26,63.48,549867,2.03,3.64,3.2,5.73,1.82,1
2018-06-28,61.27,61.61,59.58,60.96,430827,-0.31,2.03,-0.51,3.33,1.02,-1
2018-06-27,64.71,64.71,61.33,61.36,416739,-3.35,3.38,-5.46,5.51,1.69,-1
2018-06-26,62.63,64.98,61.93,64.73,442813,2.1,3.05,3.24,4.71,1.53,1
2018-06-25,66.1,68.33,61.37,62.7,765700,-3.4,6.96,-5.42,11.1,3.48,-1
2018-06-22,69.92,71.24,66.0,66.44,915194,-3.48,5.24,-5.24,7.89,2.62,-1
2018-06-21,70.16,71.27,68.31,69.79,522810,-0.37,2.96,-0.53,4.24,1.48,1
2018-06-20,69.76,70.13,68.82,69.61,325594,-0.15,1.31,-0.22,1.88,0.66,1
2018-06-19,67.42,69.8,67.42,69.57,556615,2.15,2.38,3.09,3.41,1.19,1
2018-06-18,69.44,69.44,67.34,67.82,576760,-1.62,2.1,-2.39,3.1,1.05,-1
2018-06-15,74.43,74.75,68.46,69.41,1290869,-5.02,6.29,-7.23,9.06,3.15,-1
2018-06-14,73.47,75.32,72.51,74.87,417625,1.4,2.81,1.87,3.75,1.4,1
2018-06-13,72.58,74.27,71.85,73.49,403811,0.91,2.42,1.24,3.29,1.21,1
2018-06-12,70.49,73.68,69.62,72.35,456484,1.86,4.05,2.57,5.6,2.02,1
2018-06-11,66.48,70.55,66.04,70.33,516917,3.85,4.51,5.47,6.41,2.25,1
2018-06-08,67.87,68.79,66.06,66.87,451780,-1.0,2.73,-1.5,4.08,1.36,-1
2018-06-07,71.39,72.79,64.61,68.0,1246028,-3.39,8.18,-4.99,12.03,4.09,-1
2018-06-06,75.81,76.7,71.07,71.36,814811,-4.45,5.63,-6.24,7.89,2.82,-1
2018-06-05,76.48,77.59,71.91,75.3,895645,-1.18,5.68,-1.57,7.54,2.84,-1
2018-06-04,79.78,79.9,71.0,76.67,2373134,-3.11,8.9,-4.06,11.61,4.45,-1
2018-06-01,84.48,85.19,83.23,84.48,247038,0.0,1.96,0.0,2.32,0.98,1
2018-05-31,82.9,85.36,82.02,84.08,349778,1.18,3.34,1.4,3.97,1.67,1
2018-05-30,81.67,83.4,81.12,82.5,228813,0.83,2.28,1.01,2.76,1.14,1
2018-05-29,82.53,84.48,80.9,81.51,272310,-1.02,3.58,-1.25,4.39,1.79,-1
2018-05-25,84.43,84.78,82.85,83.39,134515,-1.04,1.93,-1.25,2.31,0.97,-1
2018-05-24,80.73,84.66,80.37,84.3,320750,3.57,4.29,4.23,5.09,2.14,1
2018-05-23,83.94,85.41,80.44,80.68,245413,-3.26,4.97,-4.04,6.16,2.48,-1
2018-05-22,82.81,84.98,81.6,84.08,356376,1.27,3.38,1.51,4.02,1.69,1
2018-05-21,82.81,83.47,81.5,82.54,491344,-0.27,1.97,-0.33,2.39,0.99,1
2018-05-18,82.15,83.48,81.82,82.07,337718,-0.08,1.66,-0.1,2.02,0.83,1
2018-05-17,82.0,84.78,76.5,81.9,1465072,-0.1,8.27,-0.12,10.1,4.14,-1
2018-05-16,81.26,86.46,79.3,86.38,542451,5.12,7.16,5.93,8.29,3.58,1
2018-05-15,79.92,81.08,78.66,80.9,268585,0.98,2.42,1.21,3.0,1.21,-1
2018-05-14,81.7,82.54,80.01,80.97,315803,-0.73,2.53,-0.9,3.12,1.27,-1
2018-05-11,76.2,81.62,76.2,81.51,844976,5.31,5.42,6.51,6.65,2.71,1
2018-05-10,80.31,81.31,75.73,75.99,917001,-4.32,5.58,-5.68,7.34,2.79,-1
2018-05-09,78.6,80.88,77.76,79.9,1629284,1.3,3.12,1.62,3.91,1.56,1
2018-05-08,78.69,79.19,76.51,78.47,335181,-0.22,2.68,-0.28,3.42,1.34,-1
2018-05-07,79.18,80.58,78.0,78.73,969129,-0.45,2.58,-0.57,3.28,1.29,1
2018-05-04,80.76,81.25,78.26,78.43,596245,-2.33,2.99,-2.97,3.81,1.49,-1
2018-05-03,82.3,84.15,78.92,80.66,285809,-1.64,5.23,-2.03,6.48,2.62,-1
2018-05-02,79.0,85.38,76.27,83.06,418517,4.06,9.11,4.89,10.97,4.56,1
2018-05-01,76.18,80.43,76.08,79.64,303434,3.46,4.35,4.34,5.46,2.18,1
2018-04-30,81.72,83.31,76.68,76.72,289849,-5.0,6.63,-6.52,8.64,3.31,-1
2018-04-27,79.63,81.87,79.1,81.57,197343,1.94,2.77,2.38,3.39,1.38,1
2018-04-26,78.48,79.97,77.62,79.24,285158,0.76,2.35,0.96,2.97,1.17,1
2018-04-25,81.34,81.34,77.97,78.33,233160,-3.01,3.37,-3.84,4.3,1.69,-1
2018-04-24,79.69,81.52,78.81,80.98,277498,1.29,2.71,1.59,3.35,1.36,1
2018-04-23,82.05,82.76,78.67,79.13,356200,-2.92,4.09,-3.69,5.17,2.05,-1
2018-04-20,82.54,83.64,80.9,81.96,449457,-0.58,2.73,-0.71,3.34,1.37,-1
2018-04-19,85.86,86.73,82.53,83.25,318803,-2.61,4.2,-3.14,5.05,2.1,-1
2018-04-18,88.09,89.81,86.23,86.77,319567,-1.32,3.58,-1.52,4.13,1.79,-1
2018-04-17,86.9,88.8,84.6,88.19,650521,1.29,4.2,1.46,4.76,2.1,1
2018-04-16,90.39,91.0,84.0,86.46,1720905,-3.92,7.0,-4.54,8.1,3.5,-1
2018-04-13,101.69,101.69,96.44,98.98,316801,-2.71,5.25,-2.74,5.3,2.62,-1
2018-04-12,98.82,103.12,97.22,101.18,368133,2.36,5.9,2.33,5.83,2.95,1
2018-04-11,92.73,98.36,92.73,97.85,296978,5.12,5.62,5.23,5.75,2.81,1
2018-04-10,92.71,94.1,91.09,93.29,270766,0.58,3.01,0.62,3.23,1.5,1
2018-04-09,90.98,94.1,89.98,90.95,247052,-0.03,4.12,-0.03,4.53,2.06,1
2018-04-06,90.85,95.94,89.32,89.64,328291,-1.21,6.62,-1.35,7.39,3.31,-1
2018-04-05,98.31,98.78,90.75,92.0,345325,-6.31,8.03,-6.86,8.72,4.01,-1
2018-04-04,87.27,98.34,87.27,97.8,344090,10.53,11.06,10.77,11.31,5.53,1
2018-04-03,89.63,94.2,87.07,89.06,371431,-0.57,7.13,-0.64,8.0,3.56,1
2018-04-02,90.24,91.08,86.94,88.51,386385,-1.73,4.14,-1.95,4.67,2.07,-1
2018-03-29,87.54,93.98,87.54,91.7,303608,4.16,6.44,4.54,7.02,3.22,1
2018-03-28,88.81,89.41,85.01,86.96,355834,-1.85,4.4,-2.13,5.06,2.2,-1
2018-03-27,95.13,95.53,88.18,88.78,315685,-6.35,7.35,-7.15,8.28,3.67,-1
2018-03-26,96.37,97.61,89.47,94.32,457421,-2.05,8.14,-2.17,8.63,4.07,-1
2018-03-23,96.63,98.52,93.84,94.56,320725,-2.07,4.68,-2.19,4.95,2.34,-1
2018-03-22,99.34,101.74,96.36,96.53,360946,-2.81,5.38,-2.91,5.57,2.69,-1
2018-03-21,102.49,103.9,99.63,100.61,130281,-1.88,4.27,-1.87,4.25,2.14,-1
2018-03-20,100.01,105.0,99.1,102.49,311400,2.48,5.9,2.42,5.76,2.95,1
2018-03-19,98.31,101.59,98.31,100.24,333034,1.93,3.28,1.93,3.27,1.64,1
2018-03-16,102.84,102.91,98.44,99.52,723500,-3.32,4.47,-3.34,4.49,2.23,-1
2018-03-15,100.07,109.0,100.07,102.95,747674,2.88,8.93,2.8,8.67,4.47,1
2018-03-14,100.01,100.17,96.14,99.68,279564,-0.33,4.03,-0.33,4.04,2.02,1
2018-03-13,100.51,102.1,98.21,99.3,336486,-1.21,3.89,-1.22,3.92,1.94,-1
2018-03-12,101.04,101.97,98.95,100.58,243193,-0.46,3.02,-0.46,3.01,1.51,-1
2018-03-09,100.17,101.38,97.93,101.05,237660,0.88,3.45,0.87,3.41,1.72,1
2018-03-08,100.59,101.05,95.86,99.09,211096,-1.5,5.19,-1.51,5.24,2.59,-1
2018-03-07,96.78,100.58,95.79,99.88,486784,3.1,4.79,3.1,4.8,2.39,1
2018-03-06,96.04,98.92,94.49,97.54,385216,1.5,4.43,1.54,4.54,2.22,1
2018-03-05,94.95,96.55,92.89,95.95,288284,1.0,3.66,1.04,3.81,1.83,1
2018-03-02,88.63,95.39,87.04,95.2,605652,6.57,8.35,6.9,8.77,4.17,1
2018-03-01,86.31,91.0,85.01,90.0,434851,3.69,5.99,4.1,6.66,2.99,1
2018-02-28,88.86,89.84,86.16,86.56,368092,-2.3,3.68,-2.66,4.25,1.84,-1
2018-02-27,90.75,91.94,86.9,88.79,325227,-1.96,5.05,-2.21,5.68,2.52,-1
2018-02-26,88.81,93.53,88.56,90.79,296107,1.98,4.97,2.18,5.47,2.48,1
2018-02-23,86.96,88.15,83.7,88.02,200575,1.06,4.45,1.2,5.06,2.23,1
2018-02-22,88.33,90.91,83.95,86.35,394849,-1.98,6.96,-2.29,8.06,3.48,-1
2018-02-21,81.57,92.5,80.95,87.49,639901,5.92,11.55,6.77,13.2,5.77,1
2018-02-20,80.27,85.0,80.11,81.84,402671,1.57,4.89,1.92,5.98,2.45,1
2018-02-16,81.94,84.1,80.75,81.44,183449,-0.5,3.35,-0.61,4.11,1.67,-1
2018-02-15,83.25,84.29,80.48,82.55,266841,-0.7,3.81,-0.85,4.62,1.91,-1
2018-02-14,76.9,83.39,75.85,82.93,483876,6.03,7.54,7.27,9.09,3.77,1
2018-02-13,71.36,78.48,70.05,77.98,526783,6.62,8.43,8.49,10.81,4.21,1
2018-02-12,74.88,77.99,72.5,73.67,482354,-1.21,5.49,-1.64,7.45,2.74,-1
2018-02-09,74.66,75.39,69.69,74.62,391109,-0.04,5.7,-0.05,7.64,2.85,1
2018-02-08,78.82,79.77,73.64,73.68,229138,-5.14,6.13,-6.98,8.32,3.06,-1
2018-02-07,76.89,80.32,76.89,78.55,170868,1.66,3.43,2.11,4.37,1.71,1
2018-02-06,73.8,77.95,72.62,77.23,303722,3.43,5.33,4.44,6.9,2.66,1
2018-02-05,78.06,81.41,75.61,75.73,250712,-2.33,5.8,-3.08,7.66,2.9,-1
2018-02-02,79.38,80.56,77.78,79.05,294948,-0.33,2.78,-0.42,3.52,1.39,-1
2018-02-01,78.0,80.79,76.81,80.07,278671,2.07,3.98,2.59,4.97,1.99,1
2018-01-31,81.9,83.17,78.53,78.65,186003,-3.25,4.64,-4.13,5.9,2.32,-1
2018-01-30,81.72,82.88,79.63,80.94,256768,-0.78,3.25,-0.96,4.01,1.62,-1
2018-01-29,83.01,84.43,81.42,83.11,192236,0.1,3.0,0.12,3.62,1.5,1
2018-01-26,83.83,84.3,80.37,83.01,225961,-0.82,3.93,-0.99,4.73,1.96,-1
2018-01-25,84.09,85.55,82.17,83.44,193660,-0.65,3.38,-0.78,4.05,1.69,1
2018-01-24,87.03,88.35,82.74,82.92,271643,-4.11,5.61,-4.96,6.77,2.8,-1
2018-01-23,84.67,87.9,82.01,87.26,454243,2.59,5.89,2.97,6.75,2.94,1
2018-01-22,77.53,84.19,77.53,84.0,329947,6.47,6.66,7.7,7.93,3.33,1
2018-01-19,76.12,79.07,76.12,77.53,204958,1.41,2.95,1.82,3.8,1.47,1
2018-01-18,74.0,77.76,73.51,76.39,240801,2.39,4.25,3.13,5.56,2.12,1
2018-01-17,74.22,75.45,72.53,75.42,328035,1.2,2.92,1.59,3.87,1.46,1
2018-01-16,79.92,79.93,73.24,73.28,284169,-6.64,6.69,-9.06,9.13,3.35,-1
2018-01-12,78.15,79.99,76.28,79.24,158155,1.09,3.71,1.38,4.68,1.85,1
2018-01-11,76.98,78.6,76.17,78.45,235872,1.47,2.43,1.87,3.1,1.21,1
2018-01-10,77.0,77.92,73.96,77.15,334349,0.15,3.97,0.19,5.14,1.98,-1
2018-01-09,75.14,78.9,73.94,78.02,512372,2.88,4.96,3.69,6.36,2.48,1
2018-01-08,77.8,77.85,72.13,74.64,536216,-3.16,5.72,-4.23,7.66,2.86,-1
2018-01-05,78.85,78.97,76.49,77.74,296138,-1.11,2.48,-1.43,3.19,1.24,-1
2018-01-04,84.15,84.15,78.0,78.55,479563,-5.6,6.15,-7.13,7.83,3.08,-1
2018-01-03,80.2,84.44,79.56,84.01,524256,3.81,4.88,4.54,5.81,2.44,1
2018-01-02,76.16,80.1,75.26,80.01,399326,3.85,4.84,4.81,6.06,2.42,1
2017-12-29,76.85,78.05,75.32,75.41,336954,-1.44,2.73,-1.91,3.62,1.37,-1
2017-12-28,76.67,77.93,75.58,77.31,276519,0.64,2.35,0.83,3.04,1.18,1
2017-12-27,75.37,77.8,74.94,76.79,312413,1.42,2.86,1.85,3.72,1.43,1
2017-12-26,78.7,79.98,75.0,75.47,348986,-3.23,4.98,-4.28,6.6,2.49,-1
2017-12-22,77.54,81.4,76.52,78.47,701844,0.93,4.88,1.19,6.22,2.44,1
2017-12-21,76.08,77.33,74.86,76.6,318329,0.52,2.47,0.68,3.22,1.23,1
2017-12-20,73.13,76.0,72.3,75.93,534693,2.8,3.7,3.69,4.87,1.85,1
2017-12-19,73.29,74.74,70.83,72.38,419495,-0.91,3.91,-1.26,5.4,1.95,-1
2017-12-18,75.17,76.56,72.76,73.22,429427,-1.95,3.8,-2.66,5.19,1.9,-1
2017-12-15,75.91,77.84,74.33,75.13,1349318,-0.78,3.52,-1.04,4.68,1.76,-1
2017-12-14,81.78,82.33,74.61,75.33,1074786,-6.45,7.72,-8.56,10.25,3.86,-1
2017-12-13,80.69,83.94,78.5,82.16,3049641,1.47,5.44,1.79,6.62,2.72,1
2017-12-12,87.22,89.6,80.22,81.98,902923,-5.24,9.38,-6.39,11.44,4.69,-1
2017-12-11,89.54,92.0,83.5,88.32,2099715,-1.22,8.5,-1.38,9.62,4.25,1
2017-12-08,72.14,75.06,71.77,71.86,296858,-0.28,3.29,-0.39,4.58,1.65,1
2017-12-07,68.11,71.67,67.9,71.56,347243,3.45,3.77,4.82,5.27,1.88,1
2017-12-06,67.29,67.85,63.0,67.35,564437,0.06,4.85,0.09,7.2,2.42,1
2017-12-05,70.0,72.11,66.96,67.09,673305,-2.91,5.15,-4.34,7.68,2.58,-1
2017-12-04,73.69,75.01,69.52,69.71,445687,-3.98,5.49,-5.71,7.88,2.75,-1
2017-12-01,75.0,77.91,72.69,72.82,369279,-2.18,5.22,-2.99,7.17,2.61,-1
2017-11-30,71.17,75.46,69.8,75.06,442843,3.89,5.66,5.18,7.54,2.83,1
2017-11-29,72.11,75.42,69.52,70.56,311111,-1.55,5.9,-2.2,8.36,2.95,-1
2017-11-28,70.5,72.69,69.69,72.03,331986,1.53,3.0,2.12,4.16,1.5,1
2017-11-27,70.63,70.98,69.04,70.46,362798,-0.17,1.94,-0.24,2.75,0.97,-1
2017-11-24,70.38,71.8,69.72,70.57,74819,0.19,2.08,0.27,2.94,1.04,1
2017-11-22,66.28,71.34,64.94,70.36,324318,4.08,6.4,5.8,9.1,3.2,1
2017-11-21,67.45,67.82,64.42,65.8,384845,-1.65,3.4,-2.51,5.17,1.7,-1
2017-11-20,65.98,67.21,63.81,67.03,422992,1.05,3.4,1.57,5.07,1.7,1
2017-11-17,66.29,68.15,65.32,66.17,281027,-0.12,2.83,-0.18,4.28,1.42,-1
2017-11-16,64.73,67.75,63.01,66.74,467610,2.01,4.74,3.01,7.1,2.37,1
2017-11-15,63.44,64.94,61.58,64.29,456236,0.85,3.36,1.32,5.23,1.68,1
2017-11-14,69.0,69.11,61.86,63.92,503275,-5.08,7.24,-7.95,11.33,3.62,-1
2017-11-13,68.32,69.45,66.52,69.05,287691,0.73,2.93,1.06,4.24,1.47,1
2017-11-10,70.99,71.26,67.63,68.32,265885,-2.67,3.64,-3.91,5.33,1.82,-1
2017-11-09,69.05,70.56,68.09,70.22,281685,1.17,2.47,1.67,3.52,1.23,1
2017-11-08,70.0,70.65,68.99,69.96,282978,-0.04,1.66,-0.06,2.37,0.83,-1
2017-11-07,70.65,74.4,69.5,70.48,421462,-0.17,4.9,-0.24,6.95,2.45,1
2017-11-06,74.42,74.42,68.65,70.22,578796,-4.2,5.77,-5.98,8.22,2.88,-1
2017-11-03,72.55,74.35,71.93,73.99,421643,1.44,2.42,1.95,3.27,1.21,1
2017-11-02,71.63,73.22,70.16,72.29,349388,0.66,3.06,0.91,4.24,1.53,1
2017-11-01,68.55,72.49,67.78,71.8,760958,3.25,4.71,4.53,6.56,2.35,1
2017-10-31,70.37,70.37,63.86,66.42,585089,-3.95,6.51,-5.95,9.8,3.26,-1
2017-10-30,70.33,73.05,67.54,68.53,420264,-1.8,5.51,-2.63,8.04,2.75,-1
2017-10-27,67.99,70.31,67.64,70.0,263582,2.01,2.67,2.87,3.82,1.34,1
2017-10-26,67.89,69.51,65.98,67.55,377025,-0.34,3.53,-0.5,5.23,1.77,-1
2017-10-25,68.61,69.7,67.49,68.33,228999,-0.28,2.21,-0.41,3.23,1.11,-1
2017-10-24,66.25,71.0,65.74,68.87,526774,2.62,5.25,3.8,7.63,2.63,1
2017-10-23,65.63,67.46,64.75,66.38,478701,0.75,2.71,1.13,4.08,1.35,1
2017-10-20,64.72,65.26,63.63,64.93,343679,0.21,1.63,0.32,2.51,0.82,1
2017-10-19,66.0,66.0,63.91,64.21,277934,-1.79,2.09,-2.79,3.25,1.05,-1
2017-10-18,64.95,67.86,64.95,66.51,345451,1.56,2.91,2.35,4.38,1.45,1
2017-10-17,64.35,66.03,63.74,64.93,184648,0.58,2.29,0.89,3.53,1.14,1
2017-10-16,63.03,65.58,62.37,64.16,273756,1.13,3.21,1.76,5.01,1.61,1
2017-10-13,64.65,64.65,62.51,62.91,244392,-1.74,2.14,-2.77,3.4,1.07,-1
2017-10-12,65.95,66.49,64.47,64.62,247150,-1.33,2.02,-2.06,3.13,1.01,-1
2017-10-11,67.83,68.94,65.56,66.05,323763,-1.78,3.38,-2.69,5.11,1.69,-1
2017-10-10,66.35,67.73,65.82,67.66,190490,1.31,1.91,1.94,2.82,0.95,1
2017-10-09,66.26,67.13,65.82,66.11,220316,-0.15,1.3,-0.23,1.97,0.65,-1
2017-10-06,66.82,67.26,65.61,66.26,385697,-0.56,1.65,-0.85,2.49,0.83,-1
2017-10-05,68.0,68.0,65.12,67.06,446493,-0.94,2.88,-1.4,4.29,1.44,-1
2017-10-04,70.51,70.51,67.66,67.72,231080,-2.79,2.85,-4.12,4.21,1.43,-1
2017-10-03,69.16,70.24,67.69,70.18,274326,1.02,2.55,1.45,3.63,1.27,1
2017-10-02,69.05,70.75,68.31,69.02,482447,-0.03,2.44,-0.04,3.54,1.22,-1
2017-09-29,69.5,71.67,69.2,69.67,572387,0.17,2.47,0.24,3.55,1.23,1
2017-09-28,66.3,69.03,65.47,68.45,309366,2.15,3.56,3.14,5.2,1.78,1
2017-09-27,63.5,67.41,63.03,66.14,419656,2.64,4.38,3.99,6.62,2.19,1
2017-09-26,62.69,63.58,61.6,63.02,307078,0.33,1.98,0.52,3.14,0.99,1
2017-09-25,62.49,63.44,60.99,62.66,274459,0.17,2.45,0.27,3.91,1.22,1
2017-09-22,61.72,62.9,61.18,62.28,199526,0.56,1.72,0.9,2.76,0.86,-1
2017-09-21,61.59,63.14,60.85,62.46,241123,0.87,2.29,1.39,3.67,1.14,1
2017-09-20,64.45,64.65,61.8,61.86,358632,-2.59,2.85,-4.19,4.61,1.43,-1
2017-09-19,62.88,64.98,62.53,63.86,535454,0.98,2.45,1.53,3.84,1.23,1
2017-09-18,58.05,63.67,57.72,62.88,808713,4.83,5.95,7.68,9.47,2.98,1
2017-09-15,56.76,58.67,55.73,57.82,817950,1.06,2.94,1.83,5.08,1.47,1
2017-09-14,52.85,58.44,52.32,56.56,862867,3.71,6.12,6.56,10.83,3.06,1
2017-09-13,48.33,53.59,48.06,52.78,671478,4.45,5.53,8.43,10.47,2.76,1
2017-09-12,48.21,49.04,46.95,48.37,642328,0.16,2.09,0.33,4.32,1.04,-1
2017-09-11,52.77,53.1,47.8,48.5,798595,-4.27,5.3,-8.8,10.92,2.65,-1
2017-09-08,53.0,53.5,52.04,52.28,275026,-0.72,1.47,-1.38,2.8,0.73,-1
2017-09-07,54.14,54.46,52.89,53.05,421927,-1.09,1.57,-2.05,2.96,0.79,-1
2017-09-06,56.33,56.93,53.72,53.95,346889,-2.38,3.2,-4.41,5.94,1.6,-1
2017-09-05,55.16,56.04,54.59,55.95,352417,0.79,1.45,1.41,2.59,0.72,1
2017-09-01,54.22,56.36,53.94,55.28,415164,1.06,2.42,1.92,4.39,1.21,1
2017-08-31,52.22,54.25,51.92,54.22,350206,2.0,2.33,3.69,4.3,1.16,1
2017-08-30,52.97,53.62,51.6,51.87,421171,-1.1,2.02,-2.12,3.88,1.01,-1
2017-08-29,51.49,53.5,51.26,52.96,269004,1.47,2.24,2.78,4.24,1.12,1
2017-08-28,50.7,52.35,50.5,52.32,326752,1.62,1.85,3.1,3.54,0.93,1
2017-08-25,52.17,52.83,49.05,50.2,283338,-1.97,3.78,-3.92,7.53,1.89,-1
2017-08-24,50.83,52.34,49.88,51.78,379177,0.95,2.46,1.83,4.75,1.23,1
2017-08-23,47.12,51.5,46.48,50.77,729140,3.65,5.02,7.19,9.89,2.51,1
2017-08-22,43.0,48.23,42.54,47.77,889905,4.77,5.69,9.99,11.91,2.84,1
2017-08-21,42.34,42.53,41.41,42.42,221586,0.08,1.12,0.19,2.64,0.56,1
2017-08-18,42.41,42.87,41.63,42.37,316946,-0.04,1.24,-0.09,2.93,0.62,-1
2017-08-17,45.14,45.34,42.73,42.75,278459,-2.39,2.61,-5.59,6.11,1.31,-1
2017-08-16,45.98,46.01,44.6,45.39,356835,-0.59,1.41,-1.3,3.11,0.7,-1
2017-08-15,45.79,46.56,45.1,45.99,234776,0.2,1.46,0.43,3.17,0.73,1
2017-08-14,46.65,46.65,45.32,45.8,317842,-0.85,1.33,-1.86,2.9,0.66,-1
2017-08-11,47.01,47.92,45.51,46.11,304564,-0.9,2.41,-1.95,5.24,1.21,-1
2017-08-10,47.6,48.59,46.32,46.96,223550,-0.64,2.27,-1.36,4.83,1.14,-1
2017-08-09,48.97,49.89,47.58,47.95,196118,-1.02,2.3,-2.13,4.81,1.15,-1
2017-08-08,49.39,51.17,49.27,49.3,257141,-0.09,1.9,-0.18,3.85,0.95,-1
2017-08-07,48.98,49.59,48.13,49.55,191203,0.57,1.46,1.15,2.95,0.73,1
2017-08-04,48.14,49.0,47.32,48.66,168838,0.52,1.68,1.07,3.45,0.84,1
2017-08-03,48.97,49.2,47.4,47.98,327398,-0.99,1.8,-2.06,3.74,0.9,-1
2017-08-02,53.37,54.2,48.05,49.29,607950,-4.08,6.15,-8.28,12.48,3.08,-1
2017-08-01,52.63,53.83,51.05,53.22,283225,0.59,2.78,1.11,5.22,1.39,1
2017-07-31,53.08,53.49,52.07,52.33,216378,-0.75,1.42,-1.43,2.71,0.71,-1
2017-07-28,52.0,53.54,50.83,53.07,290917,1.07,2.7,2.02,5.1,1.35,1
2017-07-27,56.0,56.49,52.22,52.26,482683,-3.74,4.27,-7.16,8.17,2.14,-1
2017-07-26,55.48,56.22,54.97,55.76,200734,0.28,1.25,0.5,2.25,0.63,1
2017-07-25,56.42,56.42,54.97,55.27,268008,-1.15,1.45,-2.08,2.62,0.73,-1
2017-07-24,54.58,56.04,53.75,55.92,447392,1.34,2.29,2.4,4.1,1.14,1
2017-07-21,55.22,56.81,54.49,54.58,371853,-0.64,2.32,-1.17,4.25,1.16,-1
2017-07-20,53.41,54.85,53.0,54.72,235327,1.31,1.85,2.39,3.38,0.93,1
2017-07-19,53.48,54.61,52.63,53.45,234201,-0.03,1.98,-0.06,3.7,0.99,1
2017-07-18,52.78,53.7,52.5,53.03,244185,0.25,1.2,0.47,2.26,0.6,1
2017-07-17,52.63,53.27,52.24,52.9,223550,0.27,1.03,0.51,1.95,0.52,1
2017-07-14,52.99,53.65,51.75,52.23,202529,-0.76,1.9,-1.46,3.64,0.95,-1
2017-07-13,53.84,54.01,51.6,52.99,668711,-0.85,2.41,-1.6,4.55,1.2,-1
2017-07-12,54.35,54.35,53.04,53.7,432548,-0.66,1.31,-1.22,2.44,0.66,-1
2017-07-11,53.5,54.78,52.96,53.89,325617,0.39,1.82,0.72,3.38,0.91,1
2017-07-10,53.59,53.93,52.58,52.94,356671,-0.65,1.35,-1.23,2.55,0.68,-1
2017-07-07,55.05,55.05,52.87,53.38,397594,-1.67,2.18,-3.13,4.08,1.09,-1
2017-07-06,55.98,56.03,52.92,53.77,652125,-2.21,3.11,-4.11,5.78,1.55,-1
2017-07-05,50.68,56.21,50.68,55.98,1210019,5.3,5.53,9.48,9.88,2.77,1
2017-07-03,51.0,51.13,49.36,51.06,352773,0.06,1.77,0.12,3.47,0.89,1
2017-06-30,51.01,51.49,49.95,50.67,441968,-0.34,1.54,-0.67,3.04,0.77,-1
2017-06-29,51.44,51.62,50.27,50.79,489596,-0.65,1.35,-1.28,2.66,0.67,-1
2017-06-28,50.03,51.63,48.87,51.32,542182,1.28,2.76,2.5,5.38,1.38,1
2017-06-27,52.21,52.5,48.97,49.24,1009798,-2.97,3.54,-6.03,7.18,1.77,-1
2017-06-26,50.0,52.68,49.41,52.23,606341,2.23,3.27,4.27,6.25,1.63,1
2017-06-23,47.9,50.14,47.56,50.0,2255464,2.1,2.58,4.2,5.15,1.29,1
2017-06-22,46.01,47.85,44.56,47.79,568563,1.78,3.29,3.72,6.87,1.64,1
2017-06-21,42.7,47.33,42.7,46.02,989807,3.32,4.63,7.21,10.07,2.32,1
2017-06-20,40.91,42.58,40.57,42.39,685712,1.48,2.01,3.49,4.74,1.0,1
2017-06-19,40.05,41.35,39.98,40.75,498644,0.7,1.37,1.72,3.35,0.68,1
2017-06-16,38.66,39.93,38.65,39.9,1067375,1.24,1.28,3.11,3.22,0.64,1
2017-06-15,38.43,39.78,37.01,38.98,261427,0.55,2.77,1.41,7.11,1.39,1
2017-06-14,36.95,38.96,36.94,38.83,542081,1.88,2.02,4.84,5.2,1.01,1
2017-06-13,36.01,37.57,35.5,37.03,626833,1.02,2.07,2.75,5.59,1.04,1
2017-06-12,35.56,36.77,34.66,35.98,414032,0.42,2.11,1.17,5.85,1.05,1
2017-06-09,36.75,37.29,35.0,35.41,497884,-1.34,2.29,-3.78,6.47,1.14,-1
2017-06-08,37.57,37.63,36.1,36.7,338721,-0.87,1.53,-2.37,4.17,0.77,-1
2017-06-07,37.6,37.81,36.9,37.63,420688,0.03,0.91,0.08,2.42,0.46,1
2017-06-06,37.36,37.67,36.8,37.6,602775,0.24,0.87,0.64,2.31,0.43,1
2017-06-05,39.75,39.95,35.19,36.95,1030198,-2.8,4.76,-7.58,12.89,2.38,-1
2017-06-02,38.45,39.96,38.17,39.86,439963,1.41,1.79,3.54,4.49,0.89,1
2017-06-01,35.76,38.45,34.83,38.22,389850,2.46,3.62,6.44,9.47,1.81,1
2017-05-31,35.4,36.26,34.38,35.88,304438,0.48,1.88,1.34,5.25,0.94,1
2017-05-30,36.4,36.4,35.22,35.35,308441,-1.05,1.18,-2.97,3.34,0.59,-1
2017-05-26,38.28,38.6,36.31,36.43,259461,-1.85,2.29,-5.08,6.29,1.14,-1
2017-05-25,38.95,38.98,38.21,38.37,615962,-0.58,0.77,-1.51,2.01,0.38,-1
2017-05-24,38.4,39.0,38.12,38.73,409622,0.33,0.88,0.85,2.27,0.44,-1
2017-05-23,40.0,40.18,37.76,39.0,293523,-1.0,2.42,-2.56,6.21,1.21,-1
2017-05-22,39.5,40.01,38.45,39.9,203263,0.4,1.56,1.0,3.91,0.78,1
2017-05-19,40.3,41.17,39.5,39.61,159433,-0.69,1.67,-1.74,4.22,0.84,-1
2017-05-18,38.54,40.86,38.38,40.54,336250,2.0,2.48,4.93,6.12,1.24,1
2017-05-17,40.84,40.98,38.55,38.7,374945,-2.14,2.43,-5.53,6.28,1.21,-1
2017-05-16,40.87,41.35,40.44,41.32,236719,0.45,0.91,1.09,2.2,0.46,1
2017-05-15,40.9,41.5,40.62,40.91,153161,0.01,0.88,0.02,2.15,0.44,1
2017-05-12,40.67,41.04,40.5,40.58,103856,-0.09,0.54,-0.22,1.33,0.27,-1
2017-05-11,40.4,41.03,40.27,40.72,216006,0.32,0.76,0.79,1.87,0.38,1
2017-05-10,40.64,40.99,40.05,40.56,353522,-0.08,0.94,-0.2,2.32,0.47,-1
2017-05-09,41.06,41.66,40.47,40.66,284846,-0.4,1.19,-0.98,2.94,0.6,-1
2017-05-08,40.5,41.3,40.32,40.95,293181,0.45,0.98,1.1,2.39,0.49,1
2017-05-05,41.45,41.45,39.67,40.53,547437,-0.92,1.78,-2.27,4.39,0.89,-1
2017-05-04,44.16,44.77,41.43,41.57,474498,-2.59,3.34,-6.23,8.03,1.67,-1
2017-05-03,47.0,47.0,43.26,43.81,515956,-3.19,3.74,-7.28,8.54,1.87,-1
2017-05-02,48.49,48.63,46.79,47.04,344610,-1.45,1.84,-3.08,3.91,0.92,-1
2017-05-01,46.81,48.85,46.81,48.49,368324,1.68,2.04,3.46,4.21,1.02,1
2017-04-28,46.29,47.26,46.03,46.58,578881,0.29,1.23,0.62,2.64,0.61,1
2017-04-27,46.76,47.25,45.72,46.0,380977,-0.76,1.53,-1.65,3.33,0.77,-1
2017-04-26,46.32,47.08,45.53,46.75,211622,0.43,1.55,0.92,3.33,0.78,1
2017-04-25,46.81,47.17,46.33,46.4,344478,-0.41,0.84,-0.88,1.81,0.42,-1
2017-04-24,45.52,46.98,45.52,46.49,439552,0.97,1.46,2.09,3.14,0.73,1
2017-04-21,46.0,46.5,45.06,45.12,266255,-0.88,1.44,-1.95,3.19,0.72,-1
2017-04-20,46.93,47.4,45.73,46.0,259607,-0.93,1.67,-2.02,3.63,0.84,-1
2017-04-19,45.78,47.11,45.01,46.76,305175,0.98,2.1,2.1,4.48,1.05,1
2017-04-18,45.71,46.01,42.82,45.51,172029,-0.2,3.19,-0.44,7.01,1.59,-1
2017-04-17,45.46,46.09,44.67,46.08,158891,0.62,1.42,1.35,3.08,0.71,1
2017-04-13,42.67,45.75,42.44,45.59,458802,2.92,3.31,6.4,7.26,1.66,1
2017-04-12,42.61,43.28,42.45,42.78,290480,0.17,0.83,0.4,1.94,0.41,1
2017-04-11,44.25,44.74,42.14,42.66,622166,-1.59,2.6,-3.73,6.09,1.3,-1
2017-04-10,44.62,45.8,44.18,44.34,258708,-0.28,1.62,-0.63,3.65,0.81,-1
2017-04-07,44.61,46.2,44.4,44.76,936019,0.15,1.8,0.34,4.01,0.9,1
2017-04-06,42.65,44.72,42.57,44.56,535624,1.91,2.16,4.29,4.84,1.08,1
2017-04-05,42.1,43.5,42.0,42.61,568487,0.51,1.5,1.2,3.52,0.75,1
2017-04-04,40.19,41.99,39.95,41.98,875326,1.79,2.04,4.26,4.86,1.02,1
2017-04-03,40.07,41.27,40.07,40.14,681026,0.07,1.2,0.17,2.99,0.6,1
2017-03-31,39.99,40.95,39.51,39.99,1120257,0.0,1.44,0.0,3.6,0.72,1
2017-03-30,41.75,42.09,39.0,39.62,4393244,-2.13,3.09,-5.38,7.8,1.55,-1
2017-03-29,41.3,41.37,39.72,41.24,611074,-0.06,1.65,-0.15,4.0,0.82,-1
2017-03-28,44.25,44.54,41.59,42.31,258929,-1.94,2.95,-4.59,6.97,1.47,-1
2017-03-27,43.17,44.32,42.29,44.01,306457,0.84,2.03,1.91,4.61,1.01,1
2017-03-24,41.16,44.11,41.16,43.96,291843,2.8,2.95,6.37,6.71,1.48,1
2017-03-23,41.22,41.56,40.44,41.01,274139,-0.21,1.12,-0.51,2.73,0.56,-1
2017-03-22,41.07,41.67,40.4,41.04,370277,-0.03,1.27,-0.07,3.09,0.64,1
2017-03-21,41.45,41.78,40.28,40.88,347477,-0.57,1.5,-1.39,3.67,0.75,-1
2017-03-20,41.35,41.54,40.39,41.41,283990,0.06,1.15,0.14,2.78,0.57,1
2017-03-17,40.31,41.72,39.29,41.36,505554,1.05,2.43,2.54,5.86,1.21,1
2017-03-16,42.0,42.18,40.34,40.74,358040,-1.26,1.84,-3.09,4.52,0.92,-1
2017-03-15,40.22,42.42,39.87,42.0,463716,1.78,2.55,4.24,6.07,1.28,1
2017-03-14,41.23,41.23,39.68,40.0,564061,-1.23,1.55,-3.07,3.87,0.77,-1
2017-03-13,40.53,41.6,40.24,41.34,1039833,0.81,1.36,1.96,3.29,0.68,1
2017-03-10,37.16,39.78,36.25,39.32,759002,2.16,3.53,5.49,8.98,1.77,1
2017-03-09,35.13,37.51,32.43,36.23,895364,1.1,5.08,3.04,14.02,2.54,1
2017-03-08,34.42,35.14,33.86,34.79,206738,0.37,1.28,1.06,3.68,0.64,1
2017-03-07,34.87,35.25,34.05,34.26,155664,-0.61,1.2,-1.78,3.5,0.6,-1
2017-03-06,34.91,35.92,34.38,35.19,173891,0.28,1.54,0.8,4.38,0.77,1
2017-03-03,35.14,35.61,34.49,35.12,668657,-0.02,1.12,-0.06,3.19,0.56,1
2017-03-02,34.89,35.49,34.57,35.11,281977,0.22,0.92,0.63,2.62,0.46,1
2017-03-01,35.79,35.95,34.81,34.98,453617,-0.81,1.14,-2.32,3.26,0.57,-1
2017-02-28,35.97,36.08,34.6,35.18,458411,-0.79,1.48,-2.25,4.22,0.74,-1
2017-02-27,34.61,36.78,34.61,36.52,397013,1.91,2.17,5.23,5.94,1.09,1
2017-02-24,33.79,34.82,33.52,34.64,191129,0.85,1.3,2.45,3.75,0.65,1
2017-02-23,33.27,34.4,32.8,34.37,353604,1.1,1.6,3.2,4.66,0.8,1
2017-02-22,33.84,34.32,33.12,33.3,246160,-0.54,1.2,-1.62,3.6,0.6,-1
2017-02-21,35.48,35.52,33.45,33.85,446075,-1.63,2.07,-4.82,6.13,1.04,-1
2017-02-17,36.05,36.74,35.25,35.51,183755,-0.54,1.49,-1.52,4.21,0.75,-1
2017-02-16,35.94,36.28,34.67,36.05,180701,0.11,1.61,0.31,4.47,0.8,1
2017-02-15,34.92,37.55,34.9,35.87,342310,0.95,2.65,2.65,7.4,1.33,1
2017-02-14,34.13,34.96,34.03,34.35,168911,0.22,0.93,0.64,2.71,0.46,1
2017-02-13,35.39,35.58,33.71,34.31,235569,-1.08,1.87,-3.15,5.45,0.93,-1
2017-02-10,35.47,35.72,35.0,35.17,192737,-0.3,0.72,-0.85,2.05,0.36,-1
2017-02-09,35.88,36.33,35.36,35.44,173555,-0.44,0.97,-1.24,2.74,0.48,-1
2017-02-08,35.86,36.33,35.55,35.85,286905,-0.01,0.78,-0.03,2.18,0.39,-1
2017-02-07,35.87,36.1,35.11,35.89,1402044,0.02,0.99,0.06,2.76,0.5,1
2017-02-06,35.74,36.25,35.35,35.84,177036,0.1,0.9,0.28,2.5,0.45,1
2017-02-03,35.45,35.86,34.6,35.78,306395,0.33,1.26,0.92,3.52,0.63,1
2017-02-02,34.88,35.57,34.32,35.05,402798,0.17,1.26,0.49,3.58,0.63,1
2017-02-01,34.3,35.1,33.83,34.96,357311,0.66,1.27,1.9,3.63,0.64,1
2017-01-31,33.0,34.54,32.55,34.08,681017,1.08,1.99,3.17,5.84,1.0,1
2017-01-30,34.44,34.44,32.61,33.21,318233,-1.23,1.83,-3.7,5.51,0.91,-1
2017-01-27,34.04,34.89,34.04,34.64,206943,0.6,0.85,1.73,2.45,0.43,1
2017-01-26,33.95,34.65,33.58,34.11,241981,0.16,1.07,0.47,3.14,0.54,1
2017-01-25,33.01,34.09,32.31,33.91,156850,0.9,1.78,2.65,5.25,0.89,1
2017-01-24,32.17,32.95,31.38,32.82,278442,0.65,1.58,1.98,4.8,0.79,1
2017-01-23,31.99,32.53,31.56,32.14,146380,0.15,0.97,0.47,3.02,0.49,-1
2017-01-20,32.54,33.0,31.81,32.31,246220,-0.23,1.19,-0.71,3.68,0.6,-1
2017-01-19,32.03,32.95,31.78,32.6,271752,0.57,1.17,1.75,3.59,0.59,-1
2017-01-18,31.52,32.64,31.35,32.61,630737,1.09,1.29,3.34,3.96,0.64,1
2017-01-17,32.5,32.78,31.37,31.69,358392,-0.81,1.41,-2.56,4.44,0.7,-1
2017-01-13,32.5,34.5,32.21,32.51,254100,0.01,2.29,0.03,7.04,1.14,1
2017-01-12,32.01,32.47,30.98,32.3,270028,0.29,1.49,0.9,4.61,0.74,-1
2017-01-11,32.31,33.07,31.36,32.34,386899,0.03,1.71,0.09,5.3,0.86,1
2017-01-10,32.22,32.46,31.72,32.31,425826,0.09,0.74,0.28,2.29,0.37,1
2017-01-09,31.37,32.43,29.58,32.06,301747,0.69,2.85,2.15,8.89,1.42,1
2017-01-06,30.65,31.42,30.32,31.11,183906,0.46,1.1,1.48,3.54,0.55,1
2017-01-05,29.88,31.0,29.5,30.65,310427,0.77,1.5,2.51,4.89,0.75,1
2017-01-04,29.04,29.92,28.54,29.83,260171,0.79,1.38,2.65,4.63,0.69,1
2017-01-03,28.33,29.13,27.83,28.95,449723,0.62,1.3,2.14,4.49,0.65,1
2016-12-30,27.89,28.9,27.71,28.05,242666,0.16,1.19,0.57,4.24,0.59,1
2016-12-29,28.14,28.29,27.26,27.84,249627,-0.3,1.03,-1.08,3.7,0.51,-1
2016-12-28,28.07,28.38,27.22,27.97,223349,-0.1,1.17,-0.36,4.17,0.58,-1
2016-12-27,28.17,29.05,27.6,28.06,179639,-0.11,1.45,-0.39,5.17,0.72,-1
2016-12-23,26.89,28.7,26.38,28.15,324032,1.26,2.32,4.48,8.24,1.16,1
2016-12-22,28.4,28.54,26.75,26.91,172551,-1.49,1.79,-5.54,6.65,0.89,-1
2016-12-21,28.94,29.38,28.08,28.38,252072,-0.56,1.3,-1.97,4.58,0.65,-1
2016-12-20,28.2,29.35,27.95,28.83,289434,0.63,1.4,2.19,4.86,0.7,1
2016-12-19,28.62,30.0,27.94,28.19,591956,-0.43,2.06,-1.53,7.31,1.03,-1
2016-12-16,26.99,29.02,26.62,28.43,916923,1.44,2.4,5.07,8.44,1.2,1
2016-12-15,26.12,27.04,25.34,27.03,375124,0.91,1.7,3.37,6.29,0.85,1
2016-12-14,25.82,26.41,25.58,26.18,367419,0.36,0.83,1.38,3.19,0.42,1
2016-12-13,26.01,26.41,25.39,25.58,152539,-0.43,1.02,-1.68,3.99,0.51,-1
2016-12-12,26.86,27.72,25.67,25.88,284939,-0.98,2.05,-3.79,7.92,1.02,-1
2016-12-09,27.76,28.51,26.72,26.98,270909,-0.78,1.79,-2.89,6.63,0.9,-1
2016-12-08,25.93,28.59,25.91,27.66,2061408,1.73,2.68,6.25,9.69,1.34,1
2016-12-07,27.25,27.39,25.08,26.2,767485,-1.05,2.31,-4.01,8.82,1.16,-1
2016-12-06,28.71,28.84,27.68,28.43,348703,-0.28,1.16,-0.98,4.08,0.58,-1
2016-12-05,27.5,29.1,27.5,28.65,404929,1.15,1.61,4.01,5.6,0.8,1
2016-12-02,28.03,28.35,26.84,27.01,374896,-1.02,1.51,-3.78,5.59,0.75,-1
2016-12-01,30.21,30.21,27.21,28.0,705242,-2.21,3.0,-7.89,10.73,1.5,-1
2016-11-30,30.07,30.31,29.31,29.37,316481,-0.7,1.0,-2.38,3.4,0.5,-1
2016-11-29,35.49,35.49,30.15,30.34,446770,-5.15,5.34,-16.97,17.6,2.67,-1
2016-11-28,37.25,37.25,35.42,35.5,94963,-1.75,1.83,-4.93,5.15,0.91,-1
2016-11-25,38.33,38.33,37.03,37.47,111042,-0.86,1.3,-2.3,3.47,0.65,-1
2016-11-23,35.97,38.24,34.79,38.06,125678,2.09,3.45,5.49,9.06,1.73,1
2016-11-22,37.26,38.0,35.7,36.43,89427,-0.83,2.3,-2.28,6.31,1.15,-1
2016-11-21,36.31,37.11,35.5,37.11,447073,0.8,1.61,2.16,4.34,0.8,1
2016-11-18,36.18,36.47,34.78,36.34,121097,0.16,1.69,0.44,4.65,0.84,1
2016-11-17,35.28,37.01,35.02,36.0,208905,0.72,1.99,2.0,5.53,0.99,1
2016-11-16,34.75,35.87,34.75,35.15,114760,0.4,1.12,1.14,3.19,0.56,1
2016-11-15,34.9,35.57,34.35,34.97,433904,0.07,1.22,0.2,3.49,0.61,-1
2016-11-14,35.0,35.96,34.56,35.0,360954,0.0,1.4,0.0,4.0,0.7,1
2016-11-11,34.57,35.2,33.19,34.77,423702,0.2,2.01,0.58,5.78,1.01,1
2016-11-10,31.65,34.02,31.07,33.19,525692,1.54,2.95,4.64,8.89,1.48,1
2016-11-09,30.66,32.76,29.67,31.65,402514,0.99,3.09,3.13,9.78,1.55,1
2016-11-08,29.71,30.28,29.07,29.55,292748,-0.16,1.21,-0.54,4.09,0.61,-1
2016-11-07,30.46,30.46,29.65,29.95,277166,-0.51,0.81,-1.7,2.7,0.41,1
2016-11-04,28.16,30.24,28.13,29.75,211055,1.59,2.11,5.34,7.09,1.05,1
2016-11-03,28.72,28.91,27.73,28.02,250423,-0.7,1.18,-2.5,4.21,0.59,-1
2016-11-02,29.87,30.28,28.5,28.54,152602,-1.33,1.78,-4.66,6.24,0.89,-1
2016-11-01,30.0,30.46,29.38,29.88,169739,-0.12,1.08,-0.4,3.61,0.54,-1
2016-10-31,30.62,31.22,29.83,29.98,232936,-0.64,1.39,-2.13,4.62,0.69,-1
2016-10-28,31.48,31.48,30.4,30.64,239089,-0.84,1.08,-2.74,3.52,0.54,-1
2016-10-27,32.65,34.47,31.24,31.32,288132,-1.33,3.23,-4.25,10.31,1.62,-1
2016-10-26,32.68,33.38,32.47,32.61,278057,-0.07,0.91,-0.21,2.79,0.46,-1
2016-10-25,31.8,32.82,31.17,32.68,521563,0.88,1.65,2.69,5.05,0.82,1
2016-10-24,31.2,31.89,30.5,31.7,231165,0.5,1.39,1.58,4.38,0.7,1
2016-10-21,31.2,31.99,30.89,31.03,382098,-0.17,1.1,-0.55,3.54,0.55,-1
2016-10-20,29.5,31.49,29.33,31.46,201003,1.96,2.16,6.23,6.87,1.08,1
2016-10-19,29.99,30.49,28.62,29.5,334194,-0.49,1.87,-1.66,6.34,0.93,-1
2016-10-18,28.85,30.07,28.39,30.0,378946,1.15,1.68,3.83,5.6,0.84,1
2016-10-17,29.77,30.05,28.2,28.9,369236,-0.87,1.85,-3.01,6.4,0.93,-1
2016-10-14,30.59,30.9,29.67,29.75,275722,-0.84,1.23,-2.82,4.13,0.61,-1
2016-10-13,28.0,30.48,27.67,30.35,558511,2.35,2.81,7.74,9.26,1.4,1
2016-10-12,27.91,28.43,27.59,28.03,157274,0.12,0.84,0.43,3.0,0.42,1
2016-10-11,28.3,28.38,27.47,27.87,73808,-0.43,0.91,-1.54,3.27,0.46,-1
2016-10-10,27.58,28.84,27.58,28.56,86700,0.98,1.26,3.43,4.41,0.63,1
2016-10-07,26.78,28.04,26.78,27.74,130508,0.96,1.26,3.46,4.54,0.63,1
2016-10-06,28.0,28.12,26.42,26.78,281858,-1.22,1.7,-4.56,6.35,0.85,-1
2016-10-05,28.04,28.63,28.04,28.2,62044,0.16,0.59,0.57,2.09,0.29,1
2016-10-04,28.36,28.75,27.83,27.86,77017,-0.5,0.92,-1.79,3.3,0.46,-1
2016-10-03,29.45,29.47,28.28,28.36,153395,-1.09,1.19,-3.84,4.2,0.59,-1
2016-09-30,28.25,29.82,27.82,29.7,144848,1.45,2.0,4.88,6.75,1.0,1
2016-09-29,28.55,29.42,27.69,28.11,257331,-0.44,1.73,-1.57,6.17,0.87,-1
2016-09-28,27.7,28.61,27.59,28.51,279645,0.81,1.02,2.84,3.58,0.51,1
2016-09-27,27.25,28.28,27.05,27.72,178737,0.47,1.23,1.7,4.44,0.62,1
2016-09-26,28.47,28.92,27.29,27.37,356608,-1.1,1.63,-4.02,5.96,0.82,-1
2016-09-23,29.27,29.34,28.54,28.6,140769,-0.67,0.8,-2.34,2.81,0.4,-1
2016-09-22,29.55,29.75,28.81,29.11,159600,-0.44,0.94,-1.51,3.23,0.47,-1
2016-09-21,29.36,29.79,28.74,29.17,280775,-0.19,1.05,-0.65,3.6,0.53,-1
2016-09-20,29.33,29.9,28.84,29.27,148875,-0.06,1.06,-0.2,3.62,0.53,1
2016-09-19,28.13,29.36,28.08,28.97,125314,0.84,1.28,2.9,4.42,0.64,1
2016-09-16,28.09,28.45,27.77,28.08,676074,-0.01,0.68,-0.04,2.42,0.34,1
2016-09-15,27.29,28.27,27.26,28.0,207091,0.71,1.01,2.54,3.61,0.5,1
2016-09-14,25.67,27.73,25.67,27.3,294451,1.63,2.06,5.97,7.55,1.03,1
2016-09-13,26.37,26.73,25.42,25.59,257635,-0.78,1.31,-3.05,5.11,0.65,-1
2016-09-12,26.92,27.11,26.27,26.62,348456,-0.3,0.84,-1.13,3.16,0.42,-1
2016-09-09,27.67,28.11,27.2,27.2,160951,-0.47,0.91,-1.73,3.35,0.46,-1
2016-09-08,28.07,28.37,27.83,28.04,195349,-0.03,0.54,-0.11,1.93,0.27,-1
2016-09-07,28.3,29.24,27.46,28.23,280217,-0.07,1.78,-0.25,6.31,0.89,1
2016-09-06,27.39,28.42,27.39,28.18,384269,0.79,1.02,2.8,3.64,0.51,1
2016-09-02,27.98,28.36,27.05,27.28,104446,-0.7,1.31,-2.57,4.8,0.65,-1
2016-09-01,27.81,28.28,27.51,27.62,149716,-0.19,0.77,-0.69,2.79,0.38,-1
2016-08-31,28.34,28.43,27.51,27.88,199730,-0.46,0.92,-1.65,3.3,0.46,-1
2016-08-30,28.09,28.49,28.08,28.34,156542,0.25,0.41,0.88,1.45,0.21,1
2016-08-29,28.13,28.24,27.62,28.04,125647,-0.09,0.62,-0.32,2.21,0.31,1
2016-08-26,27.35,28.23,27.13,27.96,140879,0.61,1.1,2.18,3.93,0.55,1
2016-08-25,27.23,28.02,26.45,27.15,157413,-0.08,1.57,-0.29,5.78,0.78,-1
2016-08-24,27.95,28.5,26.97,27.21,248208,-0.74,1.53,-2.72,5.62,0.77,-1
2016-08-23,28.46,28.47,27.63,27.95,163090,-0.51,0.84,-1.82,3.01,0.42,-1
2016-08-22,27.04,28.12,25.53,28.06,128275,1.02,2.59,3.64,9.23,1.3,1
2016-08-19,26.56,27.5,26.15,27.11,145090,0.55,1.35,2.03,4.98,0.68,1
2016-08-18,26.57,26.72,26.29,26.6,183129,0.03,0.43,0.11,1.6,0.21,1
2016-08-17,26.28,26.9,23.71,26.45,294687,0.17,3.2,0.64,12.09,1.6,1
2016-08-16,24.99,27.18,24.85,26.25,321309,1.26,2.33,4.8,8.88,1.16,1
2016-08-15,24.85,25.26,24.62,25.01,193105,0.16,0.64,0.64,2.56,0.32,1
2016-08-12,23.89,25.26,23.89,24.66,287702,0.77,1.37,3.12,5.56,0.69,1
2016-08-11,23.8,24.36,23.13,24.08,156064,0.28,1.23,1.16,5.1,0.61,1
2016-08-10,23.99,23.99,22.4,23.57,195761,-0.42,1.59,-1.78,6.75,0.8,-1
2016-08-09,22.5,24.14,22.27,23.76,157981,1.26,1.87,5.3,7.87,0.94,1
2016-08-08,23.06,23.41,22.15,23.01,155966,-0.05,1.26,-0.22,5.48,0.63,-1
2016-08-05,22.38,23.2,21.97,23.01,161634,0.63,1.23,2.74,5.35,0.62,1
2016-08-04,21.87,22.37,21.35,21.95,78784,0.08,1.02,0.36,4.65,0.51,1
2016-08-03,20.86,21.85,20.69,21.78,339548,0.92,1.16,4.22,5.33,0.58,1
2016-08-02,22.05,22.43,20.62,20.89,119178,-1.16,1.81,-5.55,8.66,0.9,-1
2016-08-01,22.01,23.21,21.8,22.11,162261,0.1,1.41,0.45,6.38,0.7,-1
2016-07-29,21.49,22.27,20.97,22.11,143596,0.62,1.3,2.8,5.88,0.65,1
2016-07-28,21.46,22.06,21.11,21.54,55189,0.08,0.95,0.37,4.41,0.47,-1
2016-07-27,21.58,21.91,21.2,21.75,63571,0.17,0.71,0.78,3.26,0.36,1
2016-07-26,21.66,22.08,21.3,21.47,71152,-0.19,0.78,-0.88,3.62,0.39,-1
2016-07-25,21.49,21.97,21.06,21.73,152176,0.24,0.91,1.1,4.19,0.46,1
2016-07-22,21.47,22.11,21.1,21.45,55351,-0.02,1.01,-0.09,4.71,0.5,1
2016-07-21,21.12,21.68,21.0,21.39,76348,0.27,0.68,1.26,3.18,0.34,1
2016-07-20,20.19,21.26,19.89,20.95,69527,0.76,1.37,3.63,6.54,0.69,1
2016-07-19,20.6,20.8,19.8,20.05,93650,-0.55,1.0,-2.74,4.99,0.5,-1
2016-07-18,20.35,20.85,20.35,20.66,65079,0.31,0.5,1.5,2.42,0.25,1
2016-07-15,20.31,20.76,20.03,20.65,74109,0.34,0.73,1.65,3.53,0.36,1
2016-07-14,20.48,20.99,19.92,20.13,106650,-0.35,1.07,-1.74,5.32,0.53,-1
2016-07-13,21.52,21.64,20.19,20.22,79741,-1.3,1.45,-6.43,7.17,0.72,-1
2016-07-12,21.27,22.0,20.87,21.35,331041,0.08,1.13,0.37,5.29,0.56,1
2016-07-11,21.33,21.6,20.88,21.1,82550,-0.23,0.72,-1.09,3.41,0.36,-1
2016-07-08,20.3,21.33,20.18,21.28,116853,0.98,1.15,4.61,5.4,0.57,1
2016-07-07,20.21,20.62,19.93,20.42,209018,0.21,0.69,1.03,3.38,0.35,1
2016-07-06,19.57,20.61,19.51,20.07,222022,0.5,1.1,2.49,5.48,0.55,1
2016-07-05,20.01,20.25,19.54,19.72,288054,-0.29,0.71,-1.47,3.6,0.36,-1
2016-07-01,20.15,20.72,20.0,20.29,116692,0.14,0.72,0.69,3.55,0.36,1
2016-06-30,19.09,20.33,18.88,20.25,149011,1.16,1.45,5.73,7.14,0.72,1
2016-06-29,18.55,19.29,18.21,19.06,145825,0.51,1.08,2.68,5.67,0.54,1
2016-06-28,17.82,18.51,17.79,18.25,149011,0.43,0.72,2.36,3.95,0.36,1
2016-06-27,18.69,18.83,17.35,17.56,225891,-1.13,1.48,-6.44,8.43,0.74,-1
2016-06-24,18.57,19.21,18.29,18.96,1399626,0.39,0.92,2.06,4.85,0.46,-1
2016-06-23,18.97,19.56,18.58,19.53,100955,0.56,0.98,2.87,5.04,0.49,1
2016-06-22,18.86,19.29,17.82,18.74,185522,-0.12,1.47,-0.64,7.84,0.73,1
2016-06-21,19.11,19.15,18.27,18.66,174758,-0.45,0.88,-2.41,4.72,0.44,-1
2016-06-20,18.23,19.4,18.14,18.97,150167,0.74,1.26,3.9,6.64,0.63,1
2016-06-17,19.1,19.1,18.08,18.19,199356,-0.91,1.02,-5.0,5.61,0.51,-1
2016-06-16,18.6,19.48,18.08,19.08,149344,0.48,1.4,2.52,7.34,0.7,1
2016-06-15,19.08,19.47,18.46,18.71,146748,-0.37,1.01,-1.98,5.4,0.5,-1
2016-06-14,19.23,19.64,18.45,18.94,147190,-0.29,1.19,-1.53,6.28,0.6,-1
2016-06-13,19.48,20.04,19.1,19.3,214875,-0.18,0.94,-0.93,4.87,0.47,-1
2016-06-10,20.24,20.49,19.48,19.65,196665,-0.59,1.01,-3.0,5.14,0.5,-1
2016-06-09,20.5,21.1,20.0,20.52,154840,0.02,1.1,0.1,5.36,0.55,-1
2016-06-08,22.14,22.16,20.56,20.61,161127,-1.53,1.6,-7.42,7.74,0.8,-1
2016-06-07,21.35,22.48,20.96,22.04,138604,0.69,1.52,3.13,6.89,0.76,1
2016-06-06,20.54,21.7,19.8,21.53,198037,0.99,1.9,4.6,8.82,0.95,1
2016-06-03,19.42,20.84,18.95,20.36,460949,0.94,1.89,4.62,9.28,0.95,1
2016-06-02,18.79,19.79,18.79,19.65,143892,0.86,1.0,4.38,5.09,0.5,1
2016-06-01,18.76,19.2,18.74,19.03,119261,0.27,0.46,1.42,2.42,0.23,1
2016-05-31,18.3,19.1,18.17,18.99,151018,0.69,0.93,3.63,4.9,0.46,1
2016-05-27,18.41,19.25,17.64,18.59,101711,0.18,1.61,0.97,8.68,0.81,1
2016-05-26,18.23,18.36,16.8,18.09,93089,-0.14,1.56,-0.77,8.62,0.78,-1
2016-05-25,18.46,18.54,17.88,18.13,152531,-0.33,0.66,-1.82,3.64,0.33,-1
2016-05-24,17.91,18.5,17.34,18.23,156020,0.32,1.16,1.76,6.34,0.58,1
2016-05-23,17.99,18.77,17.71,17.91,100791,-0.08,1.06,-0.45,5.92,0.53,-1
2016-05-20,17.47,18.3,17.23,18.02,109209,0.55,1.07,3.05,5.94,0.53,1
2016-05-19,16.4,17.42,16.32,17.3,172580,0.9,1.1,5.2,6.33,0.55,1
2016-05-18,16.31,16.99,16.04,16.67,199238,0.36,0.95,2.16,5.7,0.47,1
2016-05-17,15.87,16.58,15.45,16.45,232747,0.58,1.13,3.53,6.87,0.56,1
2016-05-16,15.43,16.1,15.14,15.98,200165,0.55,0.96,3.44,6.01,0.48,1
2016-05-13,14.64,15.5,14.6,15.31,126444,0.67,0.9,4.38,5.88,0.45,1
2016-05-12,15.4,15.5,14.04,14.7,194862,-0.7,1.46,-4.76,9.93,0.73,-1
2016-05-11,15.5,15.71,14.92,15.24,146672,-0.26,0.79,-1.71,5.18,0.4,-1
2016-05-10,15.5,16.88,14.64,15.36,122116,-0.14,2.24,-0.91,14.58,1.12,-1
2016-05-09,13.74,15.95,13.28,15.45,408687,1.71,2.67,11.07,17.28,1.34,1
2016-05-06,13.78,14.16,13.27,13.65,82021,-0.13,0.89,-0.95,6.52,0.45,-1
2016-05-05,14.63,14.88,13.78,13.9,150624,-0.73,1.1,-5.25,7.91,0.55,-1
2016-05-04,15.01,15.3,14.63,14.75,177368,-0.26,0.66,-1.76,4.51,0.33,-1
2016-05-03,15.62,15.7,15.06,15.1,53567,-0.52,0.64,-3.44,4.24,0.32,-1
2016-05-02,15.3,15.94,14.55,15.84,97967,0.54,1.39,3.41,8.78,0.69,1
2016-04-29,14.96,15.82,14.51,15.18,352272,0.22,1.31,1.45,8.63,0.66,1
2016-04-28,15.75,15.97,14.95,15.06,216755,-0.69,1.02,-4.58,6.77,0.51,-1
2016-04-27,17.26,18.01,15.77,15.89,276025,-1.37,2.24,-8.62,14.1,1.12,-1
2016-04-26,18.08,19.48,17.13,17.31,101850,-0.77,2.35,-4.45,13.58,1.18,-1
2016-04-25,18.89,18.9,17.55,18.04,110280,-0.85,1.35,-4.71,7.51,0.68,-1
2016-04-22,18.53,18.92,18.11,18.77,65057,0.24,0.81,1.28,4.32,0.41,1
2016-04-21,18.16,19.48,17.9,18.36,67656,0.2,1.58,1.09,8.61,0.79,1
2016-04-20,18.47,19.5,18.06,18.13,50261,-0.34,1.44,-1.88,7.94,0.72,-1
2016-04-19,19.55,19.55,17.83,18.28,126055,-1.27,1.72,-6.95,9.41,0.86,-1
2016-04-18,19.01,19.7,19.0,19.4,105364,0.39,0.7,2.01,3.61,0.35,1
2016-04-15,19.21,19.7,18.84,18.98,129332,-0.23,0.86,-1.21,4.53,0.43,-1
2016-04-14,19.4,19.6,18.16,19.08,138530,-0.32,1.44,-1.68,7.55,0.72,-1
2016-04-13,20.0,20.07,19.52,20.0,108431,0.0,0.55,0.0,2.75,0.27,1
2016-04-12,19.97,20.11,19.55,19.99,72453,0.02,0.56,0.1,2.8,0.28,-1
2016-04-11,20.9,20.9,20.04,20.16,59884,-0.74,0.86,-3.67,4.27,0.43,-1
2016-04-08,21.39,22.25,20.7,20.9,103766,-0.49,1.55,-2.34,7.42,0.78,-1
2016-04-07,21.06,22.25,20.46,21.06,182855,0.0,1.79,0.0,8.5,0.89,-1
2016-04-06,19.43,21.23,19.43,21.11,162287,1.68,1.8,7.96,8.53,0.9,1
2016-04-05,18.46,19.52,18.46,19.28,66475,0.82,1.06,4.25,5.5,0.53,1
2016-04-04,18.3,19.43,18.28,18.5,129947,0.2,1.15,1.08,6.22,0.57,1
2016-04-01,17.95,18.32,17.56,18.3,183997,0.35,0.76,1.91,4.15,0.38,1
2016-03-31,17.53,18.75,17.37,18.05,166153,0.52,1.38,2.88,7.66,0.69,1
2016-03-30,17.09,17.87,16.97,17.3,117047,0.21,0.9,1.21,5.2,0.45,1
2016-03-29,16.18,17.1,15.76,16.96,315948,0.78,1.34,4.6,7.9,0.67,1
2016-03-28,16.54,16.54,15.86,16.18,47766,-0.36,0.68,-2.22,4.17,0.34,-1
2016-03-24,16.39,17.15,16.25,16.44,90491,0.05,0.9,0.3,5.47,0.45,-1
2016-03-23,16.86,17.11,16.14,16.58,97247,-0.28,0.97,-1.69,5.85,0.48,-1
2016-03-22,16.68,17.23,16.39,16.91,100461,0.23,0.84,1.36,4.97,0.42,1
2016-03-21,16.97,17.5,16.62,16.71,94070,-0.26,0.88,-1.56,5.27,0.44,-1
2016-03-18,16.08,17.04,15.38,17.03,353270,0.95,1.66,5.58,9.75,0.83,1
2016-03-17,16.99,17.16,15.84,15.95,215818,-1.04,1.32,-6.52,8.28,0.66,-1
2016-03-16,17.05,17.41,16.49,17.0,182510,-0.05,0.92,-0.29,5.41,0.46,-1
2016-03-15,20.0,20.0,15.8,17.03,308159,-2.97,4.2,-17.44,24.66,2.1,-1
2016-03-14,17.01,18.3,16.53,17.79,321157,0.78,1.77,4.38,9.98,0.89,1
2016-03-11,17.09,17.31,15.69,17.0,189628,-0.09,1.62,-0.53,9.53,0.81,-1
2016-03-10,17.77,18.28,16.26,17.0,190864,-0.77,2.02,-4.53,11.88,1.01,-1
2016-03-09,16.55,17.67,15.12,17.58,201000,1.03,2.55,5.86,14.51,1.28,1
2016-03-08,18.77,18.77,16.5,16.51,113694,-2.26,2.27,-13.69,13.75,1.13,-1
2016-03-07,17.47,19.46,16.79,18.87,176439,1.4,2.67,7.42,14.15,1.34,1
2016-03-04,18.09,18.43,17.24,17.65,99826,-0.44,1.2,-2.49,6.77,0.6,-1
2016-03-03,19.21,19.22,17.32,18.19,118998,-1.02,1.89,-5.61,10.42,0.95,-1
2016-03-02,19.09,19.98,17.38,19.29,88187,0.2,2.61,1.04,13.5,1.3,1
2016-03-01,17.4,19.64,17.11,19.11,220375,1.71,2.53,8.95,13.24,1.27,1
2016-02-29,18.01,18.06,17.14,17.33,147569,-0.68,0.92,-3.92,5.31,0.46,-1
2016-02-26,16.89,18.31,16.72,17.92,83510,1.03,1.59,5.75,8.9,0.8,1
2016-02-25,17.13,17.13,16.09,16.86,64359,-0.27,1.04,-1.6,6.17,0.52,-1
2016-02-24,17.07,17.5,16.49,16.96,239490,-0.11,1.01,-0.65,5.96,0.51,-1
2016-02-23,17.84,18.19,17.17,17.27,201812,-0.57,1.02,-3.3,5.91,0.51,-1
2016-02-22,17.35,18.09,16.87,18.0,111366,0.65,1.22,3.61,6.79,0.61,1
2016-02-19,17.0,17.76,16.43,17.39,101367,0.39,1.32,2.24,7.62,0.66,1
2016-02-18,17.87,18.46,16.61,17.0,150391,-0.87,1.85,-5.12,10.88,0.93,-1
2016-02-17,16.9,18.25,16.05,17.77,106296,0.87,2.2,4.9,12.38,1.1,1
2016-02-16,16.42,17.08,15.71,16.82,131504,0.4,1.37,2.38,8.15,0.68,1
2016-02-12,14.99,16.4,14.43,16.26,137854,1.27,1.97,7.81,12.12,0.98,1
2016-02-11,13.68,15.31,13.26,14.84,102646,1.16,2.05,7.82,13.81,1.03,1
2016-02-10,13.73,14.42,13.39,14.0,116755,0.27,1.03,1.93,7.36,0.51,1
2016-02-09,13.22,14.44,13.1,13.56,78697,0.34,1.34,2.51,9.88,0.67,1
2016-02-08,14.74,14.89,13.04,13.34,120317,-1.4,1.85,-10.49,13.84,0.92,-1
2016-02-05,15.23,16.81,14.81,14.9,119074,-0.33,2.0,-2.21,13.42,1.0,-1
2016-02-04,14.99,15.88,14.75,15.25,172691,0.26,1.13,1.7,7.39,0.56,1
2016-02-03,16.57,16.71,14.43,15.01,303536,-1.56,2.28,-10.39,15.19,1.14,-1
2016-02-02,16.12,16.72,16.11,16.52,167191,0.4,0.61,2.42,3.69,0.3,1
2016-02-01,15.68,16.34,15.44,16.28,411467,0.6,0.9,3.69,5.53,0.45,1
2016-01-29,15.48,16.39,15.29,15.72,341531,0.24,1.1,1.53,7.0,0.55,1
2016-01-28,16.81,17.06,15.41,15.51,259915,-1.3,1.65,-8.38,10.64,0.82,-1
2016-01-27,18.16,18.33,16.34,16.7,115257,-1.46,1.99,-8.74,11.92,0.99,-1
2016-01-26,18.12,18.23,16.79,18.17,105991,0.05,1.44,0.28,7.93,0.72,1
2016-01-25,17.5,18.54,17.37,18.01,94148,0.51,1.17,2.83,6.5,0.58,1
2016-01-22,17.42,17.8,16.81,17.67,89012,0.25,0.99,1.41,5.6,0.5,1
2016-01-21,17.0,17.69,16.27,17.05,111368,0.05,1.42,0.29,8.33,0.71,1
2016-01-20,16.83,17.36,16.05,17.01,329719,0.18,1.31,1.06,7.7,0.65,-1
2016-01-19,17.94,18.15,16.8,17.24,114584,-0.7,1.36,-4.06,7.86,0.68,-1
2016-01-15,17.68,17.86,16.38,17.68,252710,0.0,1.48,0.0,8.37,0.74,-1
2016-01-14,17.92,18.66,16.93,18.22,197653,0.3,1.73,1.65,9.5,0.87,1
2016-01-13,19.23,19.85,17.52,17.75,202478,-1.48,2.33,-8.34,13.13,1.17,-1
2016-01-12,18.89,19.17,18.25,19.1,191338,0.21,0.92,1.1,4.82,0.46,1
2016-01-11,20.15,20.15,18.15,18.63,496028,-1.52,2.0,-8.16,10.74,1.0,-1
2016-01-08,20.9,21.21,19.4,19.95,381319,-0.95,1.81,-4.76,9.07,0.91,-1
2016-01-07,21.28,21.96,20.66,20.73,282694,-0.55,1.3,-2.65,6.27,0.65,-1
2016-01-06,22.67,23.11,20.99,21.5,178112,-1.17,2.12,-5.44,9.86,1.06,-1
2016-01-05,24.47,24.47,22.76,22.9,173259,-1.57,1.71,-6.86,7.47,0.85,-1
2016-01-04,25.99,25.99,24.02,24.46,328089,-1.53,1.97,-6.26,8.05,0.98,-1
2015-12-31,24.85,26.59,24.66,26.34,142146,1.49,1.93,5.66,7.33,0.96,1
2015-12-30,24.85,25.2,24.4,24.89,54581,0.04,0.8,0.16,3.21,0.4,-1
2015-12-29,24.19,24.97,23.75,24.9,111163,0.71,1.22,2.85,4.9,0.61,1
2015-12-28,24.77,25.0,23.73,24.07,113215,-0.7,1.27,-2.91,5.28,0.63,-1
2015-12-24,25.47,25.89,24.72,24.84,64570,-0.63,1.17,-2.54,4.71,0.59,-1
2015-12-23,25.18,25.58,24.75,25.51,115263,0.33,0.83,1.29,3.25,0.41,1
2015-12-22,24.96,25.22,24.32,25.07,174212,0.11,0.9,0.44,3.59,0.45,1
2015-12-21,25.22,25.33,23.19,24.88,103013,-0.34,2.14,-1.37,8.6,1.07,-1
2015-12-18,25.17,27.0,24.89,25.03,1082802,-0.14,2.11,-0.56,8.43,1.05,-1
2015-12-17,24.98,25.78,24.64,25.07,141853,0.09,1.14,0.36,4.55,0.57,1
2015-12-16,24.56,25.09,24.29,25.04,184694,0.48,0.8,1.92,3.19,0.4,1
2015-12-15,23.76,25.0,23.76,24.3,314323,0.54,1.24,2.22,5.1,0.62,1
2015-12-14,23.22,24.3,23.22,24.0,441334,0.78,1.08,3.25,4.5,0.54,1
2015-12-11,23.21,23.8,22.96,23.5,225290,0.29,0.84,1.23,3.57,0.42,-1
2015-12-10,22.95,23.65,22.83,23.54,142547,0.59,0.82,2.51,3.48,0.41,1
2015-12-09,24.48,24.54,22.46,22.93,196874,-1.55,2.08,-6.76,9.07,1.04,-1
2015-12-08,23.53,24.8,23.25,24.47,107025,0.94,1.55,3.84,6.33,0.78,1
2015-12-07,23.8,23.93,22.88,23.81,408919,0.01,1.05,0.04,4.41,0.53,1
2015-12-04,23.7,23.99,23.09,23.74,257852,0.04,0.9,0.17,3.79,0.45,-1
2015-12-03,23.94,24.2,23.14,23.76,339234,-0.18,1.06,-0.76,4.46,0.53,-1
2015-12-02,23.49,24.16,23.32,23.98,295875,0.49,0.84,2.04,3.52,0.42,1
2015-12-01,23.0,23.84,22.81,23.5,374072,0.5,1.03,2.13,4.38,0.52,1
2015-11-30,22.17,23.28,22.08,23.16,357253,0.99,1.2,4.27,5.16,0.6,1
2015-11-27,21.53,22.19,21.09,22.14,174761,0.61,1.1,2.76,4.96,0.55,1
2015-11-25,20.52,21.74,20.31,21.56,702521,1.04,1.43,4.82,6.63,0.71,1
2015-11-24,20.02,20.58,19.63,20.55,442603,0.53,0.95,2.58,4.62,0.47,1
2015-11-23,19.89,20.54,19.08,20.19,164204,0.3,1.46,1.49,7.21,0.73,1
2015-11-20,20.03,20.61,19.85,20.01,305391,-0.02,0.76,-0.1,3.8,0.38,1
2015-11-19,19.87,20.08,19.13,19.9,631286,0.03,0.95,0.15,4.77,0.47,1
2015-11-18,19.5,20.18,19.13,19.77,509211,0.27,1.05,1.37,5.34,0.53,1
2015-11-17,21.0,21.23,19.21,19.62,410115,-1.38,2.02,-7.03,10.28,1.01,-1
2015-11-16,21.5,22.06,20.0,20.85,351689,-0.65,2.06,-3.12,9.88,1.03,-1
2015-11-13,21.36,22.76,20.98,22.06,98873,0.7,1.78,3.17,8.07,0.89,1
2015-11-12,21.0,22.15,20.51,21.41,183590,0.41,1.64,1.91,7.66,0.82,1
2015-11-11,22.56,22.66,20.78,21.21,343955,-1.35,1.88,-6.36,8.86,0.94,-1
2015-11-10,23.0,23.0,21.34,22.64,149721,-0.36,1.66,-1.59,7.33,0.83,-1
2015-11-09,22.19,23.17,22.02,22.82,158790,0.63,1.15,2.76,5.04,0.58,1
2015-11-06,21.77,22.5,21.07,22.32,97723,0.55,1.43,2.46,6.41,0.71,1
2015-11-05,21.95,22.13,20.82,21.85,106478,-0.1,1.31,-0.46,6.0,0.65,-1
2015-11-04,21.57,22.24,21.22,21.97,100882,0.4,1.02,1.82,4.64,0.51,1
2015-11-03,20.8,21.95,20.18,21.58,237611,0.78,1.77,3.61,8.2,0.88,1
2015-11-02,20.16,21.54,20.08,20.8,220429,0.64,1.46,3.08,7.02,0.73,1
2015-10-30,20.59,20.87,19.36,20.09,142830,-0.5,1.51,-2.49,7.52,0.76,-1
2015-10-29,21.49,22.78,20.2,20.55,313493,-0.94,2.58,-4.57,12.57,1.29,-1
2015-10-28,20.54,21.91,20.01,21.49,172502,0.95,1.9,4.42,8.84,0.95,1
2015-10-27,22.45,22.5,19.65,20.5,623660,-1.95,2.85,-9.51,13.9,1.43,-1
2015-10-26,22.14,23.43,21.76,22.82,97981,0.68,1.67,2.98,7.32,0.83,1
2015-10-23,23.04,23.68,22.08,22.11,88447,-0.93,1.61,-4.21,7.26,0.8,-1
2015-10-22,22.04,23.2,21.6,22.81,120205,0.77,1.6,3.38,7.01,0.8,1
2015-10-21,22.79,22.88,21.72,21.97,132195,-0.82,1.16,-3.73,5.28,0.58,-1
2015-10-20,22.88,23.5,21.96,22.56,110001,-0.32,1.54,-1.42,6.82,0.77,-1
2015-10-19,22.24,24.09,22.04,22.79,127904,0.55,2.04,2.41,8.97,1.02,1
2015-10-16,23.67,24.14,21.83,22.14,133967,-1.53,2.31,-6.91,10.43,1.16,-1
2015-10-15,21.47,24.38,21.36,23.6,179102,2.13,3.01,9.03,12.77,1.51,1
2015-10-14,21.32,22.66,21.0,21.51,124034,0.19,1.66,0.88,7.72,0.83,1
2015-10-13,21.24,21.9,21.06,21.17,103491,-0.07,0.84,-0.33,3.97,0.42,-1
2015-10-12,21.27,23.22,21.09,21.29,109313,0.02,2.12,0.09,9.98,1.06,1
2015-10-09,21.21,21.69,20.49,21.14,90713,-0.07,1.2,-0.33,5.68,0.6,1
2015-10-08,21.13,21.35,20.0,21.12,101322,-0.01,1.35,-0.05,6.39,0.68,-1
2015-10-07,21.22,21.46,20.36,21.14,262145,-0.08,1.1,-0.38,5.19,0.55,-1
2015-10-06,22.13,22.5,20.14,21.22,125056,-0.91,2.36,-4.29,11.12,1.18,-1
2015-10-05,22.63,22.77,21.36,22.33,134985,-0.3,1.41,-1.34,6.31,0.7,-1
2015-10-02,20.46,22.47,19.74,22.33,128203,1.87,2.73,8.37,12.23,1.37,1
2015-10-01,21.25,23.56,19.98,20.76,274625,-0.49,3.58,-2.36,17.24,1.79,-1
2015-09-30,21.27,21.7,19.52,21.34,269030,0.07,2.18,0.33,10.22,1.09,1
2015-09-29,21.15,22.18,20.03,20.72,274702,-0.43,2.15,-2.08,10.38,1.07,-1
2015-09-28,21.25,21.3,19.39,21.22,461631,-0.03,1.91,-0.14,9.0,0.96,-1
2015-09-25,23.77,25.78,20.85,21.45,203668,-2.32,4.93,-10.82,22.97,2.46,-1
2015-09-24,24.17,24.17,22.92,23.44,103962,-0.73,1.26,-3.11,5.35,0.63,-1
2015-09-23,25.29,25.37,23.71,24.45,346515,-0.84,1.66,-3.44,6.79,0.83,-1
2015-09-22,28.8,29.33,24.76,25.13,521931,-3.67,4.57,-14.6,18.19,2.28,-1
2015-09-21,31.52,31.94,29.36,29.49,203014,-2.03,2.58,-6.88,8.75,1.29,-1
2015-09-18,29.12,31.46,29.12,31.23,118198,2.11,2.34,6.76,7.49,1.17,1
2015-09-17,29.21,30.15,28.56,29.61,69899,0.4,1.59,1.35,5.37,0.8,1
2015-09-16,30.75,30.98,28.8,29.14,119167,-1.61,2.18,-5.53,7.5,1.09,-1
2015-09-15,31.13,31.2,30.19,30.64,114938,-0.49,1.01,-1.6,3.3,0.5,-1
2015-09-14,29.65,31.48,29.65,30.99,97187,1.34,1.83,4.32,5.91,0.92,1
2015-09-11,30.05,31.55,28.95,29.51,128933,-0.54,2.6,-1.83,8.81,1.3,-1
2015-09-10,29.23,30.94,29.23,30.07,125318,0.84,1.71,2.79,5.69,0.86,1
2015-09-09,30.0,30.73,28.95,29.19,128618,-0.81,1.78,-2.77,6.1,0.89,-1
2015-09-08,28.78,29.98,28.42,29.86,83944,1.08,1.56,3.62,5.22,0.78,1
2015-09-04,27.57,28.48,27.2,28.24,82310,0.67,1.28,2.37,4.53,0.64,1
2015-09-03,28.5,28.75,27.5,28.01,114295,-0.49,1.25,-1.75,4.46,0.62,-1
2015-09-02,27.95,28.4,27.0,28.39,109048,0.44,1.4,1.55,4.93,0.7,1
2015-09-01,26.96,28.1,26.29,27.53,128350,0.57,1.81,2.07,6.57,0.91,1
2015-08-31,26.78,27.81,26.36,27.36,67771,0.58,1.45,2.12,5.3,0.72,1
2015-08-28,26.87,27.32,25.83,26.84,153760,-0.03,1.49,-0.11,5.55,0.75,-1
2015-08-27,26.18,27.45,25.78,26.87,124371,0.69,1.67,2.57,6.22,0.83,1
2015-08-26,27.26,27.26,25.18,25.93,222724,-1.33,2.08,-5.13,8.02,1.04,-1
2015-08-25,27.18,28.13,26.05,26.61,115398,-0.57,2.08,-2.14,7.82,1.04,1
2015-08-24,24.22,26.24,19.96,26.1,272708,1.88,6.27,7.2,24.04,3.14,1
2015-08-21,25.43,27.13,25.21,25.74,62285,0.31,1.92,1.2,7.46,0.96,-1
2015-08-20,26.68,27.39,25.78,25.81,118403,-0.87,1.61,-3.37,6.24,0.8,-1
2015-08-19,28.62,28.62,26.86,27.02,76330,-1.6,1.77,-5.92,6.53,0.88,-1
2015-08-18,30.61,31.48,28.33,28.62,202800,-1.99,3.15,-6.95,11.01,1.58,-1
2015-08-17,26.7,29.8,25.89,29.75,280946,3.05,3.91,10.25,13.14,1.96,1
2015-08-14,27.7,28.14,26.26,26.55,143776,-1.15,1.88,-4.33,7.1,0.94,-1
2015-08-13,28.06,28.74,27.13,27.74,92048,-0.32,1.61,-1.15,5.8,0.8,-1
2015-08-12,26.75,28.5,26.17,28.2,112367,1.45,2.33,5.14,8.26,1.16,1
2015-08-11,26.39,27.51,26.39,27.15,46334,0.76,1.12,2.8,4.13,0.56,1
2015-08-10,26.75,27.87,26.35,26.98,61446,0.23,1.52,0.85,5.63,0.76,1
2015-08-07,27.35,27.8,26.09,26.48,71084,-0.87,1.71,-3.29,6.44,0.85,-1
2015-08-06,28.42,28.42,27.0,27.59,55170,-0.83,1.42,-3.01,5.15,0.71,-1
2015-08-05,28.57,29.2,27.98,28.26,45642,-0.31,1.22,-1.1,4.32,0.61,-1
2015-08-04,27.68,28.58,27.41,28.43,35344,0.75,1.17,2.64,4.12,0.58,1
2015-08-03,27.0,28.13,26.72,27.64,66326,0.64,1.41,2.32,5.1,0.7,1
2015-07-31,26.74,27.74,26.74,27.02,64799,0.28,1.0,1.04,3.7,0.5,1
2015-07-30,27.28,29.24,26.41,26.54,43375,-0.74,2.83,-2.79,10.66,1.41,-1
2015-07-29,28.61,29.5,27.18,27.5,40451,-1.11,2.32,-4.04,8.44,1.16,-1
2015-07-28,27.02,29.03,26.55,28.49,62508,1.47,2.48,5.16,8.7,1.24,1
2015-07-27,27.3,27.3,26.46,27.1,71215,-0.2,0.84,-0.74,3.1,0.42,-1
2015-07-24,29.1,29.15,27.29,27.5,84020,-1.6,1.86,-5.82,6.76,0.93,-1
2015-07-23,30.33,30.33,28.66,29.13,55076,-1.2,1.67,-4.12,5.73,0.83,-1
2015-07-22,30.57,31.09,29.9,30.12,49673,-0.45,1.19,-1.49,3.95,0.6,-1
2015-07-21,31.79,31.86,29.5,30.8,98082,-0.99,2.36,-3.21,7.66,1.18,-1
2015-07-20,32.62,32.71,30.36,31.71,141005,-0.91,2.35,-2.87,7.41,1.18,-1
2015-07-17,32.28,33.1,32.28,32.9,81894,0.62,0.82,1.88,2.49,0.41,1
2015-07-16,31.29,32.74,30.19,32.23,142757,0.94,2.55,2.92,7.91,1.28,1
2015-07-15,31.03,32.17,30.54,31.13,168725,0.1,1.63,0.32,5.25,0.82,-1
2015-07-14,29.16,31.94,28.56,31.14,224763,1.98,3.38,6.36,10.85,1.69,1
2015-07-13,28.26,29.49,27.02,29.0,207807,0.74,2.47,2.55,8.52,1.23,1
2015-07-10,26.12,28.21,25.7,28.02,202998,1.9,2.51,6.78,8.96,1.26,1
2015-07-09,26.07,26.39,25.33,25.86,101760,-0.21,1.06,-0.81,4.09,0.53,1
2015-07-08,25.72,25.91,24.79,25.7,94984,-0.02,1.12,-0.08,4.36,0.56,-1
2015-07-07,25.85,26.23,25.52,26.12,78186,0.27,0.71,1.03,2.72,0.35,-1
2015-07-06,26.78,27.37,25.77,26.31,97094,-0.47,1.6,-1.79,6.08,0.8,-1
2015-07-02,27.3,27.32,26.62,27.02,81081,-0.28,0.69,-1.04,2.57,0.35,-1
2015-07-01,26.79,27.82,26.38,27.4,239683,0.61,1.44,2.23,5.26,0.72,1
2015-06-30,26.3,27.11,25.52,26.49,129084,0.19,1.59,0.72,6.0,0.8,1
2015-06-29,27.63,27.82,26.0,26.2,226486,-1.43,1.82,-5.46,6.95,0.91,-1
2015-06-26,27.96,29.24,26.59,27.86,1672238,-0.1,2.65,-0.36,9.51,1.32,-1
2015-06-25,28.1,29.0,26.15,28.15,402680,0.05,2.85,0.18,10.12,1.43,1
2015-06-24,31.25,32.22,28.0,28.02,512104,-3.23,4.22,-11.53,15.05,2.11,-1
2015-06-23,32.95,33.72,30.51,31.23,565736,-1.72,3.21,-5.51,10.28,1.6,-1
2015-06-22,33.49,34.74,32.31,33.13,548039,-0.36,2.43,-1.09,7.33,1.21,-1
2015-06-19,36.49,36.99,33.0,33.2,642693,-3.29,3.99,-9.91,12.02,2.0,-1
2015-06-18,35.24,37.17,35.24,35.92,237017,0.68,1.93,1.89,5.37,0.96,1
2015-06-17,33.83,35.46,33.51,34.97,330364,1.14,1.95,3.26,5.56,0.97,1
2015-06-16,33.19,34.22,33.19,34.04,150372,0.85,1.03,2.5,3.03,0.52,1
2015-06-15,33.78,35.6,33.4,33.65,428457,-0.13,2.2,-0.39,6.54,1.1,-1
2015-06-12,33.55,34.8,33.02,34.12,226975,0.57,1.78,1.67,5.22,0.89,1
2015-06-11,31.24,34.1,31.24,33.16,268584,1.92,2.86,5.79,8.62,1.43,1
2015-06-10,31.8,32.08,30.71,31.49,181587,-0.31,1.37,-0.98,4.35,0.68,-1
2015-06-09,32.0,32.2,30.56,31.98,151688,-0.02,1.64,-0.06,5.13,0.82,1
2015-06-08,30.55,31.98,30.03,31.51,242540,0.96,1.95,3.05,6.19,0.97,1
2015-06-05,30.35,32.15,30.35,30.85,139873,0.5,1.8,1.62,5.83,0.9,1
2015-06-04,30.42,32.65,30.4,30.66,201148,0.24,2.25,0.78,7.34,1.12,-1
2015-06-03,30.56,31.77,30.56,30.86,173681,0.3,1.21,0.97,3.92,0.61,1
2015-06-02,31.26,31.74,30.03,30.41,179557,-0.85,1.7,-2.8,5.61,0.85,-1
2015-06-01,29.18,31.49,28.65,30.77,288903,1.59,2.84,5.17,9.23,1.42,1
2015-05-29,28.55,29.88,28.37,28.69,208690,0.14,1.51,0.49,5.26,0.75,1
2015-05-28,26.96,29.26,26.9,28.55,155235,1.59,2.36,5.57,8.27,1.18,1
2015-05-27,28.28,28.5,26.18,27.34,286492,-0.94,2.32,-3.44,8.49,1.16,-1
2015-05-26,31.03,32.81,28.0,28.64,691894,-2.39,4.81,-8.34,16.81,2.41,-1
2015-05-22,29.68,30.72,29.2,29.96,278760,0.28,1.52,0.93,5.06,0.76,1
2015-05-21,28.87,30.62,28.71,29.19,215227,0.32,1.91,1.1,6.55,0.96,1
2015-05-20,28.67,29.42,28.67,29.07,114697,0.4,0.75,1.38,2.58,0.38,1
2015-05-19,29.23,29.75,28.54,29.0,178865,-0.23,1.21,-0.79,4.17,0.61,1
2015-05-18,28.78,29.39,28.01,28.74,177992,-0.04,1.38,-0.14,4.8,0.69,1
2015-05-15,29.0,30.0,28.06,28.56,435515,-0.44,1.94,-1.54,6.79,0.97,-1
2015-05-14,27.39,30.73,26.01,29.02,944942,1.63,4.72,5.62,16.26,2.36,1
2015-05-13,24.99,26.78,24.43,26.09,296712,1.1,2.35,4.22,9.01,1.18,1
2015-05-12,25.02,25.62,23.46,25.04,207172,0.02,2.16,0.08,8.63,1.08,1
2015-05-11,23.73,26.8,23.54,24.96,315267,1.22,3.26,4.91,13.06,1.63,1
2015-05-08,22.78,24.44,22.25,23.6,270339,0.82,2.19,3.47,9.28,1.1,1
2015-05-07,21.4,22.68,21.34,22.5,303805,1.1,1.34,4.89,5.96,0.67,1
2015-05-06,20.95,21.85,20.5,21.37,243543,0.42,1.35,1.97,6.32,0.68,1
2015-05-05,20.5,21.17,20.16,20.82,213905,0.32,1.01,1.54,4.85,0.51,1
2015-05-04,18.6,20.82,18.6,20.81,432422,2.21,2.22,10.62,10.67,1.11,1
2015-05-01,18.79,20.47,18.53,18.53,511430,-0.26,1.94,-1.4,10.47,0.97,-1
2015-04-30,23.4,23.89,18.0,18.87,7157672,-4.53,5.89,-24.01,31.21,2.94,-1
