Date,Open,High,Low,Close,Volume,Change,Delta,Change_Ratio,Delta_Ratio,Variance,momentum
2023-08-28,2.2,2.27,2.06,2.2,585691,0.0,0.21,0.0,9.55,0.1,-1
2023-08-25,2.25,2.35,2.22,2.29,496104,0.04,0.13,1.75,5.67,0.06,1
2023-08-24,2.26,2.26,2.1,2.23,424596,-0.03,0.16,-1.35,7.39,0.08,1
2023-08-23,2.2,2.31,2.2,2.22,342058,0.02,0.1,0.9,4.73,0.05,1
2023-08-22,2.22,2.28,2.09,2.17,338796,-0.05,0.19,-2.3,8.76,0.09,-1
2023-08-21,2.28,2.28,2.13,2.21,439925,-0.07,0.15,-3.17,6.56,0.07,-1
2023-08-18,2.2,2.29,2.18,2.24,583533,0.04,0.11,1.79,4.91,0.05,-1
2023-08-17,2.27,2.28,2.19,2.24,723210,-0.03,0.1,-1.34,4.24,0.05,-1
2023-08-16,2.28,2.37,2.25,2.25,575933,-0.03,0.12,-1.33,5.33,0.06,-1
2023-08-15,2.18,2.34,2.16,2.29,559947,0.11,0.18,4.8,7.86,0.09,1
2023-08-14,2.3,2.44,2.18,2.2,876913,-0.1,0.25,-4.55,11.59,0.13,-1
2023-08-11,2.28,2.37,2.26,2.31,713266,0.03,0.11,1.3,4.76,0.06,-1
2023-08-10,2.4,2.4,2.28,2.31,555192,-0.09,0.12,-3.9,5.19,0.06,-1
2023-08-09,2.4,2.45,2.32,2.39,765587,-0.01,0.13,-0.42,5.44,0.07,-1
2023-08-08,2.32,2.46,2.28,2.4,616108,0.08,0.19,3.33,7.71,0.09,1
2023-08-07,2.67,2.67,2.35,2.36,438253,-0.31,0.32,-13.38,13.59,0.16,-1
2023-08-04,2.69,2.72,2.61,2.63,479435,-0.06,0.12,-2.28,4.37,0.06,-1
2023-08-03,2.63,2.69,2.54,2.65,872393,0.02,0.15,0.75,5.47,0.07,1
2023-08-02,2.72,2.73,2.55,2.64,820657,-0.08,0.18,-3.03,6.69,0.09,-1
2023-08-01,2.89,2.89,2.74,2.79,610628,-0.1,0.15,-3.58,5.38,0.07,-1
2023-07-31,2.95,2.95,2.82,2.89,473616,-0.06,0.13,-2.08,4.5,0.07,-1
2023-07-28,2.89,2.95,2.85,2.94,465677,0.05,0.1,1.7,3.4,0.05,1
2023-07-27,3.16,3.16,2.77,2.79,634186,-0.37,0.39,-13.26,13.98,0.2,-1
2023-07-26,2.98,3.13,2.95,3.1,837001,0.12,0.18,3.87,5.81,0.09,1
2023-07-25,3.0,3.08,2.96,3.0,522558,0.0,0.12,0.0,4.0,0.06,-1
2023-07-24,3.22,3.24,3.01,3.01,590118,-0.21,0.23,-6.98,7.64,0.12,-1
2023-07-21,3.13,3.26,3.05,3.22,969216,0.09,0.21,2.8,6.5,0.1,1
2023-07-20,3.36,3.36,2.98,3.1,749321,-0.26,0.38,-8.39,12.26,0.19,-1
2023-07-19,3.13,3.41,3.13,3.35,1093754,0.22,0.28,6.57,8.36,0.14,1
2023-07-18,3.01,3.2,3.01,3.09,951124,0.08,0.19,2.59,6.15,0.1,1
2023-07-17,2.93,3.1,2.87,3.0,1269033,0.07,0.23,2.33,7.83,0.12,1
2023-07-14,3.12,3.13,2.82,2.93,558841,-0.19,0.31,-6.48,10.75,0.16,-1
2023-07-13,3.1,3.21,3.08,3.13,453360,0.03,0.13,0.96,4.31,0.07,1
2023-07-12,3.16,3.19,2.96,3.1,456840,-0.06,0.23,-1.94,7.42,0.12,1
2023-07-11,3.14,3.14,2.98,3.05,417111,-0.09,0.16,-2.95,5.08,0.08,-1
2023-07-10,2.89,3.23,2.89,3.14,841025,0.25,0.34,7.96,10.75,0.17,1
2023-07-07,2.86,2.98,2.85,2.93,373891,0.07,0.13,2.39,4.61,0.07,1
2023-07-06,3.0,3.0,2.77,2.86,750894,-0.13,0.23,-4.71,8.03,0.12,-1
2023-07-05,3.08,3.15,3.04,3.08,799556,0.0,0.11,0.0,3.73,0.06,-1
2023-07-03,3.15,3.23,3.04,3.1,258547,-0.05,0.19,-1.61,6.29,0.1,-1
2023-06-30,3.18,3.26,3.1,3.18,866501,0.0,0.16,0.0,5.03,0.08,1
2023-06-29,3.18,3.25,3.08,3.13,781307,-0.05,0.17,-1.6,5.43,0.08,-1
2023-06-28,3.25,3.27,3.11,3.19,640685,-0.06,0.16,-1.88,5.02,0.08,-1
2023-06-27,3.24,3.36,3.11,3.24,695629,0.0,0.25,0.0,7.72,0.12,1
2023-06-26,3.23,3.26,3.04,3.2,1023421,-0.03,0.21,-0.94,6.72,0.11,-1
2023-06-23,3.26,3.33,3.1,3.26,2355185,0.0,0.23,0.0,7.21,0.12,-1
2023-06-22,3.14,3.3,3.01,3.29,890407,0.15,0.29,4.56,8.81,0.15,1
2023-06-21,3.0,3.21,2.87,3.19,1928380,0.19,0.34,5.96,10.66,0.17,1
2023-06-20,3.18,3.18,2.76,2.99,2072346,-0.19,0.43,-6.35,14.21,0.21,-1
2023-06-16,3.97,3.97,3.14,3.19,6541865,-0.78,0.84,-24.45,26.18,0.42,-1
2023-06-15,3.39,3.86,3.32,3.86,2196331,0.47,0.54,12.18,13.99,0.27,1
2023-06-14,3.32,3.46,3.19,3.45,1592951,0.13,0.27,3.77,7.83,0.14,1
2023-06-13,3.01,3.32,3.0,3.25,944412,0.24,0.32,7.38,9.85,0.16,1
2023-06-12,2.77,2.99,2.75,2.97,1213805,0.2,0.24,6.73,8.08,0.12,1
2023-06-09,3.09,3.19,2.78,2.78,818128,-0.31,0.41,-11.15,14.75,0.21,-1
2023-06-08,3.27,3.39,3.04,3.08,831547,-0.19,0.36,-6.17,11.53,0.18,-1
2023-06-07,3.46,3.53,3.23,3.26,1059156,-0.2,0.3,-6.13,9.2,0.15,-1
2023-06-06,3.41,3.52,3.32,3.43,863464,0.02,0.2,0.58,5.83,0.1,1
2023-06-05,3.45,3.61,3.38,3.42,1495583,-0.03,0.23,-0.88,6.58,0.11,-1
2023-06-02,3.37,3.52,3.33,3.5,1310647,0.13,0.19,3.71,5.43,0.09,1
2023-06-01,3.19,3.41,2.86,3.33,1686026,0.14,0.54,4.2,16.37,0.27,1
2023-05-31,2.8,3.23,2.8,3.19,4053929,0.39,0.43,12.23,13.48,0.22,1
2023-05-30,2.88,3.02,2.68,2.76,647755,-0.12,0.34,-4.35,12.32,0.17,-1
2023-05-26,2.84,2.92,2.79,2.89,722246,0.05,0.12,1.73,4.33,0.06,1
2023-05-25,2.88,2.91,2.76,2.84,745376,-0.04,0.14,-1.41,5.02,0.07,-1
2023-05-24,2.83,2.94,2.7,2.89,969524,0.06,0.23,2.08,8.13,0.12,1
2023-05-23,2.88,3.0,2.82,2.88,1004674,0.0,0.19,0.0,6.42,0.09,-1
2023-05-22,2.76,2.96,2.76,2.89,1032318,0.13,0.2,4.5,6.92,0.1,1
2023-05-19,2.59,2.77,2.53,2.76,783517,0.17,0.24,6.16,8.7,0.12,1
2023-05-18,2.62,2.71,2.49,2.52,749954,-0.1,0.22,-3.97,8.73,0.11,-1
2023-05-17,2.71,2.79,2.49,2.67,828417,-0.04,0.3,-1.5,11.24,0.15,-1
2023-05-16,2.93,2.93,2.69,2.7,776620,-0.23,0.24,-8.32,8.87,0.12,-1
2023-05-15,2.49,3.03,2.49,3.01,1448199,0.52,0.54,17.28,17.94,0.27,1
2023-05-12,2.58,2.64,2.4,2.52,1033788,-0.06,0.24,-2.38,9.52,0.12,-1
2023-05-11,2.57,2.68,2.45,2.52,1334602,-0.05,0.23,-1.98,9.13,0.12,-1
2023-05-10,2.46,2.62,2.44,2.61,1005659,0.15,0.18,5.75,6.9,0.09,1
2023-05-09,2.24,2.5,2.22,2.47,1006736,0.23,0.28,9.31,11.34,0.14,1
2023-05-08,2.48,2.48,2.16,2.3,1716947,-0.18,0.32,-7.83,13.91,0.16,-1
2023-05-05,2.54,2.59,2.42,2.48,939340,-0.06,0.17,-2.42,6.85,0.08,1
2023-05-04,2.29,2.44,2.26,2.42,870340,0.13,0.19,5.37,7.64,0.09,1
2023-05-03,2.1,2.35,2.1,2.32,1018298,0.22,0.25,9.48,10.78,0.12,1
2023-05-02,2.11,2.19,2.06,2.07,1017701,-0.04,0.13,-1.93,6.52,0.07,-1
2023-05-01,2.01,2.16,1.98,2.14,920521,0.13,0.18,6.07,8.41,0.09,1
2023-04-28,1.95,2.15,1.9,2.03,909736,0.08,0.25,3.94,12.56,0.13,1
2023-04-27,1.86,1.97,1.83,1.95,814878,0.09,0.14,4.62,7.31,0.07,1
2023-04-26,1.91,1.93,1.77,1.89,821047,-0.02,0.16,-1.06,8.47,0.08,-1
2023-04-25,2.03,2.11,1.92,1.93,489489,-0.1,0.19,-5.18,9.84,0.09,-1
2023-04-24,2.28,2.29,1.98,2.04,736167,-0.24,0.31,-11.76,15.19,0.15,-1
2023-04-21,2.29,2.41,2.22,2.31,648719,0.02,0.19,0.87,8.23,0.09,1
2023-04-20,2.41,2.44,2.24,2.24,883677,-0.17,0.19,-7.59,8.71,0.1,-1
2023-04-19,2.37,2.52,2.31,2.45,680301,0.08,0.21,3.27,8.57,0.1,1
2023-04-18,2.56,2.6,2.33,2.38,869256,-0.18,0.27,-7.56,11.55,0.14,-1
2023-04-17,2.39,2.6,2.37,2.54,1165190,0.15,0.23,5.91,9.25,0.12,1
2023-04-14,2.76,2.81,2.34,2.36,806125,-0.4,0.48,-16.95,20.13,0.24,-1
2023-04-13,2.58,2.85,2.57,2.77,1059577,0.19,0.28,6.86,10.11,0.14,1
2023-04-12,2.81,2.83,2.57,2.57,675583,-0.24,0.26,-9.34,10.12,0.13,-1
2023-04-11,2.61,2.88,2.61,2.81,883560,0.2,0.27,7.12,9.43,0.13,1
2023-04-10,2.75,2.9,2.64,2.67,1205307,-0.08,0.26,-3.0,9.74,0.13,-1
2023-04-06,2.58,2.8,2.51,2.79,1012867,0.21,0.29,7.53,10.39,0.15,1
2023-04-05,2.61,2.75,2.54,2.57,1156661,-0.04,0.21,-1.56,8.17,0.1,-1
2023-04-04,2.66,2.73,2.51,2.61,1382806,-0.05,0.22,-1.92,8.43,0.11,1
2023-04-03,2.36,2.61,2.25,2.59,1057977,0.23,0.36,8.88,13.9,0.18,1
2023-03-31,2.19,2.42,2.17,2.36,1558015,0.17,0.25,7.2,10.59,0.12,1
2023-03-30,2.35,2.36,2.13,2.15,795120,-0.2,0.23,-9.3,10.47,0.11,-1
2023-03-29,2.27,2.36,2.19,2.34,780176,0.07,0.17,2.99,7.05,0.08,1
2023-03-28,2.16,2.26,2.14,2.22,846343,0.06,0.12,2.7,5.34,0.06,1
2023-03-27,2.02,2.24,1.99,2.19,1066974,0.17,0.24,7.76,11.19,0.12,1
2023-03-24,2.0,2.03,1.95,2.01,964807,0.01,0.08,0.5,3.98,0.04,-1
2023-03-23,2.08,2.09,1.83,2.03,1852360,-0.05,0.26,-2.46,12.92,0.13,-1
2023-03-22,2.27,2.39,2.05,2.06,877918,-0.21,0.34,-10.19,16.5,0.17,-1
2023-03-21,2.19,2.24,2.14,2.2,642316,0.01,0.1,0.45,4.55,0.05,1
2023-03-20,2.12,2.17,2.0,2.17,926072,0.05,0.17,2.3,7.83,0.08,1
2023-03-17,2.19,2.19,2.06,2.13,2179190,-0.06,0.13,-2.82,6.34,0.07,-1
2023-03-16,2.14,2.24,2.09,2.19,966748,0.05,0.16,2.28,7.08,0.08,-1
2023-03-15,2.29,2.4,2.14,2.19,1010017,-0.1,0.26,-4.57,11.87,0.13,-1
2023-03-14,2.28,2.39,2.19,2.35,1181219,0.07,0.2,2.98,8.51,0.1,1
2023-03-13,1.94,2.25,1.92,2.23,1215766,0.29,0.33,13.0,14.8,0.17,1
2023-03-10,1.98,2.04,1.88,1.99,1532132,0.01,0.16,0.5,8.04,0.08,1
2023-03-09,2.08,2.09,1.96,1.97,1313374,-0.11,0.13,-5.58,6.85,0.07,-1
2023-03-08,2.11,2.14,2.02,2.06,995111,-0.05,0.12,-2.43,5.83,0.06,-1
2023-03-07,2.11,2.15,2.07,2.09,806642,-0.02,0.08,-0.96,4.07,0.04,-1
2023-03-06,2.2,2.25,2.07,2.11,1090311,-0.09,0.18,-4.27,8.53,0.09,-1
2023-03-03,2.3,2.37,2.21,2.22,1094586,-0.08,0.16,-3.6,7.21,0.08,-1
2023-03-02,2.37,2.38,2.24,2.25,1912585,-0.12,0.14,-5.33,6.22,0.07,-1
2023-03-01,2.19,2.48,2.15,2.4,1559497,0.21,0.33,8.75,13.75,0.17,1
2023-02-28,2.21,2.23,2.13,2.15,1007061,-0.06,0.1,-2.79,4.42,0.05,-1
2023-02-27,2.17,2.21,2.12,2.19,948226,0.02,0.09,0.91,4.11,0.04,1
2023-02-24,2.33,2.47,2.11,2.13,1019523,-0.2,0.36,-9.39,16.9,0.18,-1
2023-02-23,2.43,2.46,2.26,2.31,1048358,-0.12,0.19,-5.19,8.44,0.1,-1
2023-02-22,2.42,2.48,2.29,2.37,1487378,-0.05,0.19,-2.11,8.02,0.09,-1
2023-02-21,2.49,2.58,2.36,2.41,1337985,-0.08,0.23,-3.32,9.34,0.11,-1
2023-02-17,2.39,2.62,2.38,2.61,637178,0.22,0.24,8.43,9.2,0.12,1
2023-02-16,2.44,2.57,2.42,2.47,673667,0.03,0.15,1.21,6.07,0.07,-1
2023-02-15,2.45,2.52,2.31,2.5,726642,0.05,0.21,2.0,8.6,0.11,-1
2023-02-14,2.61,2.61,2.45,2.5,808285,-0.11,0.16,-4.4,6.4,0.08,-1
2023-02-13,2.91,2.91,2.56,2.63,1114355,-0.28,0.35,-10.65,13.31,0.18,-1
2023-02-10,2.93,2.93,2.84,2.86,503519,-0.07,0.09,-2.45,3.15,0.05,-1
2023-02-09,3.1,3.16,2.92,2.93,398180,-0.17,0.25,-5.8,8.36,0.12,-1
2023-02-08,3.26,3.3,3.08,3.08,530396,-0.18,0.22,-5.84,7.31,0.11,-1
2023-02-07,3.3,3.32,3.14,3.27,647469,-0.03,0.18,-0.92,5.5,0.09,-1
2023-02-06,3.4,3.4,3.21,3.29,602086,-0.11,0.19,-3.34,5.78,0.09,-1
2023-02-03,3.4,3.55,3.37,3.4,567437,0.0,0.18,0.0,5.29,0.09,-1
2023-02-02,3.36,3.57,3.3,3.48,1117144,0.12,0.27,3.45,7.76,0.14,1
2023-02-01,3.28,3.34,3.14,3.28,812987,0.0,0.19,0.0,5.95,0.1,1
2023-01-31,3.29,3.35,3.19,3.27,855932,-0.02,0.16,-0.61,4.89,0.08,-1
2023-01-30,3.3,3.4,3.25,3.27,986438,-0.03,0.15,-0.92,4.43,0.07,-1
2023-01-27,3.26,3.39,3.22,3.34,539192,0.08,0.17,2.4,5.14,0.09,1
2023-01-26,3.2,3.3,3.12,3.28,915932,0.08,0.18,2.44,5.49,0.09,1
2023-01-25,3.0,3.21,2.95,3.19,716465,0.19,0.26,5.96,8.15,0.13,1
2023-01-24,2.94,3.12,2.87,3.04,806327,0.1,0.25,3.29,8.22,0.12,1
2023-01-23,2.98,3.07,2.9,2.98,932503,0.0,0.17,0.0,5.7,0.08,-1
2023-01-20,2.99,3.05,2.89,2.99,838310,0.0,0.16,0.0,5.35,0.08,1
2023-01-19,2.99,3.1,2.86,2.93,1786432,-0.06,0.24,-2.05,8.19,0.12,-1
2023-01-18,3.11,3.28,2.84,2.99,1524574,-0.12,0.44,-4.01,14.88,0.22,-1
2023-01-17,3.25,3.25,2.94,3.06,1056602,-0.19,0.31,-6.21,10.29,0.16,-1
2023-01-13,3.23,3.42,3.17,3.23,1032406,0.0,0.25,0.0,7.74,0.12,-1
2023-01-12,3.26,3.31,3.16,3.31,1513586,0.05,0.15,1.51,4.38,0.07,1
2023-01-11,3.19,3.26,3.12,3.24,934416,0.05,0.15,1.54,4.48,0.07,1
2023-01-10,3.22,3.51,3.06,3.23,998157,0.01,0.45,0.31,13.93,0.22,1
2023-01-09,3.26,3.39,3.13,3.2,1152780,-0.06,0.26,-1.87,8.13,0.13,-1
2023-01-06,3.31,3.34,3.07,3.27,829214,-0.04,0.28,-1.22,8.41,0.14,1
2023-01-05,3.51,3.51,3.22,3.24,1129340,-0.27,0.29,-8.33,8.95,0.14,-1
2023-01-04,3.39,3.61,3.39,3.58,879176,0.19,0.22,5.31,6.15,0.11,1
2023-01-03,3.47,3.61,3.3,3.36,846464,-0.11,0.31,-3.27,9.37,0.16,-1
2022-12-30,3.34,3.49,3.24,3.47,1476085,0.13,0.25,3.75,7.2,0.12,1
2022-12-29,2.89,3.35,2.84,3.29,1564212,0.4,0.5,12.16,15.35,0.25,1
2022-12-28,2.76,3.02,2.74,2.88,1658405,0.12,0.28,4.17,9.72,0.14,1
2022-12-27,3.07,3.09,2.76,2.78,908377,-0.29,0.33,-10.43,11.87,0.17,-1
2022-12-23,3.02,3.18,2.98,3.05,912763,0.03,0.21,0.98,6.72,0.1,1
2022-12-22,2.96,3.07,2.88,3.04,813671,0.08,0.19,2.63,6.09,0.09,1
2022-12-21,3.02,3.05,2.92,3.0,989383,-0.02,0.13,-0.67,4.33,0.06,-1
2022-12-20,3.08,3.08,2.93,3.01,1466803,-0.07,0.15,-2.33,4.98,0.07,-1
2022-12-19,3.22,3.24,3.01,3.04,1194655,-0.18,0.24,-5.92,7.73,0.12,-1
2022-12-16,3.28,3.28,3.08,3.23,6409933,-0.05,0.2,-1.55,6.19,0.1,-1
2022-12-15,3.48,3.56,3.26,3.28,1475473,-0.2,0.31,-6.1,9.3,0.15,-1
2022-12-14,3.65,3.68,3.54,3.56,855262,-0.09,0.13,-2.53,3.79,0.07,-1
2022-12-13,3.72,3.83,3.42,3.6,1549735,-0.12,0.41,-3.33,11.25,0.2,-1
2022-12-12,3.54,3.61,3.43,3.6,1608117,0.06,0.18,1.67,5.0,0.09,1
2022-12-09,3.86,3.92,3.5,3.5,704009,-0.36,0.42,-10.13,11.98,0.21,-1
2022-12-08,3.89,4.0,3.76,3.89,1089940,0.0,0.25,0.0,6.3,0.12,1
2022-12-07,3.93,4.01,3.83,3.85,724636,-0.08,0.18,-2.08,4.68,0.09,-1
2022-12-06,3.94,4.03,3.68,3.93,1104331,-0.01,0.35,-0.25,8.78,0.17,-1
2022-12-05,4.03,4.04,3.87,3.93,655337,-0.1,0.17,-2.54,4.33,0.08,-1
2022-12-02,3.98,4.09,3.89,4.03,1178273,0.05,0.2,1.24,4.93,0.1,-1
2022-12-01,4.19,4.27,4.02,4.03,731465,-0.16,0.25,-3.97,6.2,0.12,-1
2022-11-30,4.12,4.21,4.03,4.21,1923236,0.09,0.18,2.14,4.28,0.09,1
2022-11-29,4.1,4.34,4.07,4.11,888221,0.01,0.27,0.24,6.57,0.13,-1
2022-11-28,4.14,4.3,4.09,4.14,863980,0.0,0.21,0.0,5.04,0.1,-1
2022-11-25,4.13,4.25,4.01,4.16,627707,0.03,0.24,0.72,5.77,0.12,-1
2022-11-23,4.29,4.52,4.09,4.22,1057885,-0.07,0.43,-1.66,10.19,0.21,-1
2022-11-22,4.32,4.46,4.07,4.28,978802,-0.04,0.39,-0.93,9.11,0.19,-1
2022-11-21,4.41,4.44,4.24,4.32,933691,-0.09,0.2,-2.08,4.63,0.1,-1
2022-11-18,4.53,4.54,4.34,4.39,459208,-0.14,0.21,-3.19,4.67,0.1,-1
2022-11-17,4.43,4.54,4.31,4.41,1151886,-0.02,0.23,-0.45,5.22,0.12,-1
2022-11-16,4.63,4.63,4.4,4.45,856969,-0.18,0.23,-4.04,5.17,0.11,-1
2022-11-15,4.82,4.89,4.5,4.6,869980,-0.22,0.39,-4.78,8.48,0.19,-1
2022-11-14,4.48,4.91,4.46,4.7,1019424,0.22,0.45,4.68,9.57,0.23,1
2022-11-11,4.79,5.05,4.34,4.53,3904655,-0.26,0.71,-5.74,15.78,0.36,-1
2022-11-10,4.71,5.23,4.6,4.96,2033519,0.25,0.63,5.04,12.7,0.32,1
2022-11-09,5.36,5.36,4.2,4.46,1438825,-0.9,1.16,-20.18,25.9,0.58,-1
2022-11-08,5.49,5.62,5.26,5.48,695678,-0.01,0.36,-0.18,6.57,0.18,1
2022-11-07,5.96,5.96,5.44,5.46,864853,-0.5,0.52,-9.25,9.62,0.26,-1
2022-11-04,5.75,5.8,5.52,5.68,750679,-0.07,0.28,-1.23,4.93,0.14,1
2022-11-03,5.4,5.76,5.39,5.58,587239,0.18,0.37,3.23,6.63,0.19,1
2022-11-02,5.94,5.94,5.51,5.52,651091,-0.42,0.43,-7.61,7.79,0.22,-1
2022-11-01,6.08,6.14,5.85,5.87,579932,-0.21,0.29,-3.58,4.94,0.15,-1
2022-10-31,6.03,6.16,5.86,5.88,1298813,-0.15,0.3,-2.55,5.19,0.15,-1
2022-10-28,5.93,6.18,5.77,6.11,841022,0.18,0.41,2.95,6.71,0.21,1
2022-10-27,6.02,6.14,5.75,5.93,544969,-0.09,0.38,-1.52,6.49,0.19,-1
2022-10-26,6.0,6.21,5.87,5.99,660395,-0.01,0.34,-0.17,5.68,0.17,1
2022-10-25,6.09,6.2,5.31,5.96,1317530,-0.13,0.89,-2.18,14.86,0.44,-1
2022-10-24,6.55,6.61,6.05,6.42,397939,-0.13,0.56,-2.02,8.72,0.28,-1
2022-10-21,6.42,6.61,6.22,6.55,888067,0.13,0.39,1.98,5.95,0.2,1
2022-10-20,6.01,6.59,5.99,6.4,941361,0.38,0.6,6.02,9.38,0.3,1
2022-10-19,6.34,6.58,5.92,6.01,938320,-0.33,0.66,-5.49,10.98,0.33,-1
2022-10-18,6.94,7.08,6.6,6.68,600324,-0.26,0.48,-3.89,7.15,0.24,-1
2022-10-17,6.82,6.87,6.44,6.78,910461,-0.04,0.43,-0.59,6.34,0.21,1
2022-10-14,7.04,7.07,6.52,6.54,610985,-0.5,0.55,-7.65,8.41,0.28,-1
2022-10-13,6.61,6.96,6.51,6.94,863015,0.33,0.45,4.76,6.48,0.23,1
2022-10-12,6.93,6.99,6.67,6.9,483260,-0.03,0.32,-0.43,4.64,0.16,1
2022-10-11,6.83,7.08,6.54,6.87,723122,0.04,0.54,0.58,7.86,0.27,-1
2022-10-10,7.05,7.06,6.69,6.91,619577,-0.14,0.37,-2.03,5.35,0.18,-1
2022-10-07,7.9,8.0,6.96,7.07,1073946,-0.83,1.04,-11.74,14.71,0.52,-1
2022-10-06,7.91,8.24,7.85,8.09,588812,0.18,0.39,2.22,4.88,0.2,1
2022-10-05,7.89,8.06,7.61,7.93,523658,0.04,0.45,0.5,5.67,0.23,-1
2022-10-04,7.67,7.96,7.29,7.96,835109,0.29,0.67,3.64,8.42,0.34,1
2022-10-03,7.5,7.7,6.9,7.45,740359,-0.05,0.8,-0.67,10.81,0.4,1
2022-09-30,7.49,7.69,7.24,7.33,1446709,-0.16,0.45,-2.18,6.14,0.23,-1
2022-09-29,7.82,7.85,7.33,7.41,1020795,-0.41,0.52,-5.53,7.02,0.26,-1
2022-09-28,6.97,7.95,6.97,7.89,1066845,0.92,0.98,11.66,12.42,0.49,1
2022-09-27,6.7,6.98,6.66,6.98,838464,0.28,0.32,4.01,4.58,0.16,1
2022-09-26,6.36,6.84,6.36,6.59,756219,0.23,0.48,3.49,7.28,0.24,1
2022-09-23,6.63,6.64,6.21,6.38,1188439,-0.25,0.43,-3.92,6.74,0.21,-1
2022-09-22,7.19,7.19,6.65,6.76,699708,-0.43,0.54,-6.36,7.99,0.27,-1
2022-09-21,7.47,7.67,7.25,7.25,979160,-0.22,0.42,-3.03,5.79,0.21,-1
2022-09-20,7.18,7.49,7.18,7.42,683361,0.24,0.31,3.23,4.18,0.16,1
2022-09-19,7.04,7.38,6.83,7.33,1159761,0.29,0.55,3.96,7.5,0.27,1
2022-09-16,7.84,7.84,6.79,7.19,10808665,-0.65,1.05,-9.04,14.6,0.52,-1
2022-09-15,7.9,8.24,7.61,7.96,1511642,0.06,0.63,0.75,7.98,0.32,1
2022-09-14,7.7,8.28,7.66,7.95,1732083,0.25,0.62,3.14,7.8,0.31,1
2022-09-13,7.95,8.2,7.4,7.73,1483537,-0.22,0.8,-2.85,10.28,0.4,-1
2022-09-12,7.66,8.74,7.55,8.27,1914760,0.61,1.19,7.38,14.39,0.6,1
2022-09-09,7.51,7.7,7.38,7.59,780430,0.08,0.33,1.05,4.28,0.16,1
2022-09-08,7.22,7.6,7.12,7.5,1095905,0.28,0.48,3.73,6.4,0.24,1
2022-09-07,7.08,7.35,6.85,7.31,1365478,0.23,0.5,3.15,6.84,0.25,1
2022-09-06,6.88,7.33,6.75,6.97,1082165,0.09,0.58,1.29,8.32,0.29,1
2022-09-02,7.22,7.39,6.77,6.88,609391,-0.34,0.62,-4.94,9.01,0.31,-1
2022-09-01,6.63,7.2,6.44,7.16,590219,0.53,0.76,7.4,10.61,0.38,1
2022-08-31,6.44,6.91,6.34,6.7,909131,0.26,0.57,3.88,8.51,0.29,1
2022-08-30,6.39,6.45,6.11,6.29,422240,-0.1,0.34,-1.59,5.41,0.17,-1
2022-08-29,6.21,6.57,6.02,6.29,630773,0.08,0.55,1.27,8.74,0.28,-1
2022-08-26,7.56,7.61,6.08,6.29,1020014,-1.27,1.53,-20.19,24.32,0.77,-1
2022-08-25,7.61,7.7,7.1,7.63,1383431,0.02,0.6,0.26,7.86,0.3,1
2022-08-24,7.39,7.8,7.26,7.56,663536,0.17,0.54,2.25,7.14,0.27,1
2022-08-23,7.09,7.5,6.8,7.37,929920,0.28,0.7,3.8,9.5,0.35,1
2022-08-22,6.98,7.19,6.9,7.07,383050,0.09,0.29,1.27,4.1,0.15,1
2022-08-19,7.17,7.28,6.48,7.04,709900,-0.13,0.8,-1.85,11.29,0.4,-1
2022-08-18,7.14,7.42,6.98,7.36,589487,0.22,0.44,2.99,5.98,0.22,1
2022-08-17,6.97,7.35,6.82,7.22,459225,0.25,0.53,3.46,7.34,0.26,1
2022-08-16,7.51,7.51,6.76,7.08,510768,-0.42,0.75,-6.0,10.59,0.38,-1
2022-08-15,7.28,7.63,7.19,7.52,672108,0.24,0.44,3.19,5.85,0.22,1
2022-08-12,7.05,7.48,7.05,7.31,1360637,0.26,0.43,3.56,5.88,0.22,1
2022-08-11,7.66,7.68,7.14,7.19,476167,-0.47,0.54,-6.54,7.58,0.27,-1
2022-08-10,7.71,7.77,7.34,7.63,689581,-0.08,0.43,-1.05,5.64,0.21,1
2022-08-09,7.59,7.91,7.44,7.51,799796,-0.08,0.47,-1.07,6.26,0.23,-1
2022-08-08,7.31,7.76,7.23,7.65,1771633,0.34,0.53,4.44,6.93,0.26,1
2022-08-05,6.58,7.59,6.22,7.27,2041230,0.69,1.37,9.49,18.84,0.68,1
2022-08-04,6.35,6.7,6.19,6.65,676789,0.3,0.51,4.51,7.67,0.25,1
2022-08-03,5.92,6.46,5.88,6.25,970207,0.33,0.58,5.28,9.28,0.29,1
2022-08-02,5.54,5.93,5.45,5.83,633639,0.29,0.48,4.97,8.23,0.24,1
2022-08-01,5.71,5.76,5.44,5.54,438494,-0.17,0.32,-3.07,5.78,0.16,-1
2022-07-29,5.57,5.94,5.42,5.57,433505,0.0,0.53,0.0,9.43,0.26,-1
2022-07-28,5.87,6.01,5.5,5.63,607928,-0.24,0.51,-4.26,9.06,0.25,-1
2022-07-27,5.91,5.91,5.52,5.83,463241,-0.08,0.39,-1.37,6.69,0.2,-1
2022-07-26,5.85,6.04,5.61,5.85,276345,0.0,0.43,0.0,7.35,0.21,-1
2022-07-25,5.64,5.87,5.35,5.85,474589,0.21,0.52,3.59,8.89,0.26,1
2022-07-22,6.01,6.12,5.7,5.72,461476,-0.29,0.42,-5.07,7.34,0.21,-1
2022-07-21,5.83,6.03,5.72,5.99,747935,0.16,0.31,2.67,5.18,0.16,1
2022-07-20,5.82,6.04,5.35,5.85,603506,0.03,0.69,0.51,11.79,0.35,1
2022-07-19,5.68,5.88,5.43,5.84,502520,0.16,0.45,2.74,7.71,0.23,1
2022-07-18,6.09,6.09,5.53,5.62,316688,-0.47,0.56,-8.36,9.94,0.28,-1
2022-07-15,5.87,6.02,5.71,5.9,521239,0.03,0.31,0.51,5.25,0.15,1
2022-07-14,5.81,5.81,5.53,5.69,294418,-0.12,0.28,-2.11,4.92,0.14,-1
2022-07-13,5.45,6.02,5.26,5.91,451889,0.46,0.76,7.78,12.86,0.38,1
2022-07-12,5.88,5.97,5.12,5.54,548144,-0.34,0.85,-6.04,15.41,0.43,-1
2022-07-11,6.64,6.64,5.65,5.88,1228367,-0.76,0.99,-13.02,16.85,0.49,-1
2022-07-08,6.69,6.86,6.6,6.72,739006,0.03,0.26,0.45,3.87,0.13,-1
2022-07-07,6.5,6.84,6.45,6.81,722083,0.31,0.39,4.55,5.73,0.19,1
2022-07-06,6.41,6.87,6.39,6.51,609291,0.1,0.48,1.54,7.36,0.24,1
2022-07-05,6.05,6.45,5.86,6.45,1125261,0.4,0.59,6.2,9.15,0.29,1
2022-07-01,6.52,6.63,5.96,5.99,1035747,-0.53,0.67,-8.85,11.19,0.34,-1
2022-06-30,6.57,6.66,6.41,6.52,644031,-0.05,0.25,-0.77,3.83,0.12,-1
2022-06-29,6.42,6.81,6.3,6.71,824680,0.29,0.51,4.32,7.6,0.25,1
2022-06-28,6.52,6.76,6.42,6.54,418191,0.02,0.34,0.31,5.28,0.17,-1
2022-06-27,6.68,6.75,6.24,6.54,451013,-0.14,0.51,-2.14,7.8,0.25,-1
2022-06-24,6.83,6.95,6.43,6.66,5819533,-0.17,0.52,-2.55,7.81,0.26,-1
2022-06-23,6.55,6.93,6.24,6.8,1141186,0.25,0.69,3.68,10.15,0.34,1
2022-06-22,5.66,6.52,5.48,6.36,1399714,0.7,1.04,11.01,16.35,0.52,1
2022-06-21,5.4,5.96,5.4,5.72,1566557,0.32,0.56,5.59,9.88,0.28,1
2022-06-17,4.59,5.5,4.59,5.46,2939082,0.87,0.91,15.93,16.67,0.46,1
2022-06-16,4.58,4.71,4.4,4.55,1255922,-0.03,0.31,-0.66,6.84,0.16,-1
2022-06-15,4.52,4.79,4.52,4.73,1208085,0.21,0.27,4.44,5.71,0.14,1
2022-06-14,4.52,4.56,4.18,4.52,807018,0.0,0.38,0.0,8.41,0.19,1
2022-06-13,4.9,5.19,4.24,4.49,1079052,-0.41,0.95,-9.13,21.13,0.47,-1
2022-06-10,5.13,5.33,4.97,5.1,576179,-0.03,0.36,-0.59,7.06,0.18,-1
2022-06-09,5.25,5.37,5.14,5.25,888571,0.0,0.23,0.0,4.38,0.12,-1
2022-06-08,5.19,5.6,5.19,5.31,691554,0.12,0.41,2.26,7.72,0.2,1
2022-06-07,4.82,5.35,4.82,5.24,1045993,0.42,0.53,8.02,10.11,0.26,1
2022-06-06,5.17,5.44,4.77,4.9,1016653,-0.27,0.67,-5.51,13.67,0.34,-1
2022-06-03,4.59,5.06,4.52,5.04,984319,0.45,0.54,8.93,10.76,0.27,1
2022-06-02,4.17,4.61,4.08,4.61,701241,0.44,0.53,9.54,11.47,0.26,1
2022-06-01,4.15,4.29,3.96,4.16,939151,0.01,0.33,0.24,7.81,0.16,1
2022-05-31,4.3,4.41,4.08,4.14,877944,-0.16,0.33,-3.86,7.85,0.16,-1
2022-05-27,4.1,4.38,4.06,4.34,634030,0.24,0.32,5.53,7.37,0.16,1
2022-05-26,4.09,4.29,3.91,4.09,743735,0.0,0.38,0.0,9.29,0.19,-1
2022-05-25,4.15,4.22,3.92,4.11,622786,-0.04,0.3,-0.97,7.3,0.15,-1
2022-05-24,4.22,4.33,3.88,4.2,995466,-0.02,0.45,-0.48,10.71,0.23,-1
2022-05-23,4.12,4.64,4.0,4.28,1369128,0.16,0.63,3.74,14.84,0.32,1
2022-05-20,3.94,4.2,3.84,4.11,920277,0.17,0.36,4.14,8.76,0.18,1
2022-05-19,3.58,3.96,3.57,3.88,803196,0.3,0.39,7.73,9.92,0.19,1
2022-05-18,3.94,4.18,3.62,3.68,858911,-0.26,0.55,-7.07,15.08,0.28,-1
2022-05-17,4.02,4.16,3.86,4.03,1088565,0.01,0.3,0.25,7.44,0.15,1
2022-05-16,3.92,4.42,3.89,3.91,1447046,-0.01,0.53,-0.26,13.55,0.26,-1
2022-05-13,4.14,4.41,3.96,3.99,868249,-0.15,0.45,-3.76,11.28,0.23,-1
2022-05-12,4.5,4.83,3.95,4.11,1111166,-0.39,0.88,-9.49,21.41,0.44,-1
2022-05-11,5.07,5.07,4.5,4.53,1058219,-0.54,0.57,-11.92,12.58,0.29,-1
2022-05-10,5.3,5.54,5.05,5.09,1053460,-0.21,0.49,-4.13,9.63,0.25,-1
2022-05-09,5.22,5.33,4.96,5.17,797596,-0.05,0.37,-0.97,7.16,0.19,-1
2022-05-06,5.39,5.64,5.06,5.31,504411,-0.08,0.58,-1.51,10.89,0.29,-1
2022-05-05,5.5,5.6,5.23,5.42,521919,-0.08,0.37,-1.48,6.8,0.18,-1
2022-05-04,5.46,5.68,5.11,5.67,521929,0.21,0.57,3.7,10.05,0.28,1
2022-05-03,5.44,5.65,5.34,5.42,280404,-0.02,0.31,-0.37,5.72,0.16,-1
2022-05-02,5.02,5.44,5.02,5.44,379943,0.42,0.42,7.72,7.72,0.21,1
2022-04-29,5.13,5.47,5.07,5.13,502597,0.0,0.4,0.0,7.8,0.2,-1
2022-04-28,5.15,5.45,4.98,5.13,849520,-0.02,0.47,-0.39,9.16,0.23,1
2022-04-27,5.29,5.46,5.04,5.1,736659,-0.19,0.42,-3.73,8.24,0.21,-1
2022-04-26,5.38,5.51,5.24,5.32,346331,-0.06,0.27,-1.13,5.08,0.13,-1
2022-04-25,5.27,5.55,5.04,5.47,412412,0.2,0.51,3.66,9.32,0.25,1
2022-04-22,5.31,5.5,5.15,5.2,370769,-0.11,0.34,-2.12,6.63,0.17,-1
2022-04-21,5.64,5.71,5.2,5.37,474479,-0.27,0.51,-5.03,9.5,0.25,-1
2022-04-20,5.47,5.65,5.34,5.56,451921,0.09,0.31,1.62,5.58,0.16,1
2022-04-19,5.08,5.44,4.97,5.42,526857,0.34,0.47,6.27,8.67,0.24,1
2022-04-18,5.37,5.37,5.01,5.14,585501,-0.23,0.36,-4.47,7.0,0.18,-1
2022-04-14,5.72,5.86,5.27,5.39,558171,-0.33,0.59,-6.12,10.95,0.3,-1
2022-04-13,5.46,5.85,5.18,5.7,577257,0.24,0.67,4.21,11.68,0.33,1
2022-04-12,5.34,5.64,5.25,5.44,438742,0.1,0.39,1.84,7.17,0.19,1
2022-04-11,5.42,5.49,5.21,5.29,514965,-0.13,0.28,-2.46,5.29,0.14,-1
2022-04-08,5.26,5.48,5.14,5.45,692359,0.19,0.34,3.49,6.24,0.17,1
2022-04-07,5.18,5.41,5.03,5.29,806009,0.11,0.38,2.08,7.18,0.19,1
2022-04-06,5.22,5.22,5.02,5.2,848433,-0.02,0.2,-0.38,3.85,0.1,-1
2022-04-05,5.32,5.56,5.23,5.29,622654,-0.03,0.33,-0.57,6.24,0.16,-1
2022-04-04,5.36,5.67,5.28,5.36,849928,0.0,0.39,0.0,7.28,0.19,-1
2022-04-01,5.16,5.46,5.03,5.36,972419,0.2,0.43,3.73,8.02,0.21,1
2022-03-31,5.39,5.4,5.03,5.05,1065180,-0.34,0.37,-6.73,7.35,0.19,-1
2022-03-30,5.12,5.92,5.12,5.36,1171558,0.24,0.8,4.48,14.93,0.4,1
2022-03-29,5.11,5.43,5.07,5.19,1003090,0.08,0.36,1.54,6.94,0.18,1
2022-03-28,5.04,5.23,4.99,5.05,787353,0.01,0.24,0.2,4.75,0.12,-1
2022-03-25,5.13,5.38,5.06,5.1,544728,-0.03,0.32,-0.59,6.27,0.16,-1
2022-03-24,5.06,5.24,4.92,5.12,592896,0.06,0.32,1.17,6.25,0.16,1
2022-03-23,5.24,5.28,4.94,5.06,1541712,-0.18,0.34,-3.56,6.72,0.17,-1
2022-03-22,5.15,5.44,5.05,5.34,2772592,0.19,0.39,3.56,7.3,0.2,1
2022-03-21,6.02,6.02,5.0,5.11,4038326,-0.91,1.02,-17.81,19.96,0.51,-1
2022-03-18,6.49,6.88,5.9,5.99,17167307,-0.5,0.98,-8.35,16.36,0.49,-1
2022-03-17,5.95,6.43,5.81,6.34,3311711,0.39,0.62,6.15,9.78,0.31,1
2022-03-16,5.99,6.55,5.73,5.98,2749258,-0.01,0.82,-0.17,13.71,0.41,-1
2022-03-15,5.61,6.02,5.54,6.01,1304164,0.4,0.47,6.66,7.9,0.24,1
2022-03-14,6.54,6.69,5.59,5.62,2060913,-0.92,1.1,-16.37,19.57,0.55,-1
2022-03-11,6.87,7.18,6.5,6.55,1324185,-0.32,0.67,-4.89,10.31,0.34,-1
2022-03-10,6.62,6.89,6.51,6.84,1174526,0.22,0.38,3.22,5.56,0.19,1
2022-03-09,6.45,6.94,6.4,6.79,1271398,0.34,0.55,5.01,8.03,0.27,1
2022-03-08,6.71,6.85,6.27,6.38,1374987,-0.33,0.58,-5.17,9.09,0.29,-1
2022-03-07,6.49,7.22,6.36,6.73,2528881,0.24,0.85,3.57,12.7,0.43,1
2022-03-04,6.38,6.72,6.31,6.52,1302092,0.14,0.41,2.15,6.29,0.21,1
2022-03-03,6.86,6.99,6.38,6.46,1235544,-0.4,0.61,-6.19,9.44,0.3,-1
2022-03-02,6.93,6.99,6.62,6.79,902012,-0.14,0.37,-2.06,5.45,0.19,-1
2022-03-01,7.34,7.34,6.8,6.87,764755,-0.47,0.54,-6.84,7.86,0.27,-1
2022-02-28,6.75,7.28,6.75,7.24,1074109,0.49,0.53,6.77,7.32,0.27,1
2022-02-25,6.8,7.01,6.17,6.92,768380,0.12,0.84,1.73,12.11,0.42,1
2022-02-24,5.92,6.81,5.75,6.79,1003915,0.87,1.06,12.81,15.66,0.53,1
2022-02-23,6.33,6.37,6.08,6.12,862473,-0.21,0.29,-3.43,4.74,0.15,-1
2022-02-22,5.93,6.52,5.89,6.27,1006114,0.34,0.63,5.42,10.05,0.31,1
2022-02-18,6.2,6.31,5.93,5.99,978574,-0.21,0.38,-3.51,6.34,0.19,-1
2022-02-17,6.62,6.62,6.22,6.31,662286,-0.31,0.4,-4.91,6.34,0.2,-1
2022-02-16,6.74,6.98,6.41,6.7,1082715,-0.04,0.57,-0.6,8.51,0.29,-1
2022-02-15,6.2,6.86,6.2,6.82,778743,0.62,0.66,9.09,9.68,0.33,1
2022-02-14,6.0,6.31,5.93,6.12,674374,0.12,0.38,1.96,6.21,0.19,1
2022-02-11,6.46,6.84,5.99,6.04,922233,-0.42,0.85,-6.95,14.07,0.42,-1
2022-02-10,6.29,7.03,6.1,6.51,1066913,0.22,0.93,3.38,14.29,0.47,1
2022-02-09,5.99,6.56,5.99,6.4,1319353,0.41,0.57,6.41,8.91,0.28,1
2022-02-08,5.78,5.99,5.5,5.93,1199320,0.15,0.49,2.53,8.26,0.25,1
2022-02-07,5.67,6.13,5.59,5.8,874149,0.13,0.54,2.24,9.31,0.27,1
2022-02-04,5.64,5.71,5.24,5.66,834097,0.02,0.47,0.35,8.3,0.23,-1
2022-02-03,5.59,6.12,5.47,5.67,847158,0.08,0.65,1.41,11.46,0.33,-1
2022-02-02,5.96,5.96,5.51,5.67,335410,-0.29,0.45,-5.11,7.94,0.23,-1
2022-02-01,5.71,6.02,5.61,5.98,940786,0.27,0.4,4.52,6.77,0.2,1
2022-01-31,5.25,5.68,5.21,5.68,591344,0.43,0.47,7.57,8.27,0.23,1
2022-01-28,5.14,5.39,4.91,5.25,552679,0.11,0.48,2.1,9.14,0.24,1
2022-01-27,5.45,5.62,5.09,5.14,660786,-0.31,0.53,-6.03,10.31,0.27,-1
2022-01-26,5.5,5.91,5.39,5.44,470043,-0.06,0.52,-1.1,9.56,0.26,-1
2022-01-25,5.37,5.57,5.25,5.45,928481,0.08,0.32,1.47,5.87,0.16,1
2022-01-24,5.23,5.48,4.95,5.43,964633,0.2,0.53,3.68,9.76,0.27,1
2022-01-21,5.46,5.57,5.22,5.23,319787,-0.23,0.35,-4.4,6.69,0.18,-1
2022-01-20,5.64,5.93,5.48,5.51,231500,-0.13,0.45,-2.36,8.17,0.22,-1
2022-01-19,5.78,5.88,5.5,5.56,717349,-0.22,0.39,-3.96,7.01,0.19,-1
2022-01-18,5.97,6.15,5.69,5.75,812351,-0.22,0.46,-3.88,8.0,0.23,-1
2022-01-14,6.05,6.39,5.83,6.04,396063,-0.01,0.56,-0.17,9.27,0.28,-1
2022-01-13,6.14,6.48,6.08,6.12,344977,-0.02,0.4,-0.33,6.54,0.2,-1
2022-01-12,6.79,6.79,6.16,6.28,446652,-0.51,0.63,-8.12,10.03,0.31,-1
2022-01-11,6.55,7.15,6.47,6.74,627377,0.19,0.68,2.82,10.09,0.34,1
2022-01-10,6.32,6.63,6.06,6.62,363855,0.3,0.57,4.53,8.61,0.29,1
2022-01-07,6.47,6.71,6.32,6.38,312985,-0.09,0.39,-1.41,6.11,0.19,-1
2022-01-06,6.52,6.66,6.09,6.45,504340,-0.07,0.57,-1.09,8.84,0.29,-1
2022-01-05,6.93,7.21,6.54,6.58,488096,-0.35,0.67,-5.32,10.18,0.34,-1
2022-01-04,7.82,7.82,6.95,7.05,1011663,-0.77,0.87,-10.92,12.34,0.44,-1
2022-01-03,7.66,7.78,7.28,7.7,610236,0.04,0.5,0.52,6.49,0.25,-1
2021-12-31,7.56,8.08,7.45,7.74,498443,0.18,0.63,2.33,8.14,0.31,1
2021-12-30,7.15,7.8,7.15,7.55,574874,0.4,0.65,5.3,8.61,0.32,1
2021-12-29,7.75,7.88,7.06,7.13,677697,-0.62,0.82,-8.7,11.5,0.41,-1
2021-12-28,7.65,8.22,7.64,7.85,1544330,0.2,0.58,2.55,7.37,0.29,1
2021-12-27,8.16,8.25,7.52,7.69,764578,-0.47,0.73,-6.11,9.49,0.37,-1
2021-12-23,7.49,8.49,7.46,8.21,2072704,0.72,1.03,8.77,12.55,0.52,1
2021-12-22,7.34,7.74,6.9,7.49,2887021,0.15,0.84,2.0,11.21,0.42,1
2021-12-21,7.52,7.95,7.08,7.4,1949228,-0.12,0.87,-1.62,11.76,0.44,-1
2021-12-20,8.35,8.38,7.1,7.52,2276876,-0.83,1.28,-11.04,17.09,0.64,-1
2021-12-17,9.04,9.04,8.24,8.34,1942741,-0.7,0.8,-8.39,9.59,0.4,-1
2021-12-16,9.1,9.23,8.94,8.95,447337,-0.15,0.29,-1.68,3.24,0.15,-1
2021-12-15,9.68,9.68,8.7,9.0,377705,-0.68,0.98,-7.56,10.89,0.49,-1
2021-12-14,9.46,10.12,9.26,9.74,832396,0.28,0.86,2.87,8.83,0.43,-1
2021-12-13,9.38,10.26,9.22,10.01,244801,0.63,1.04,6.29,10.43,0.52,1
2021-12-10,9.64,10.06,9.32,9.35,285086,-0.29,0.74,-3.1,7.91,0.37,-1
2021-12-09,9.85,10.31,9.7,9.7,266688,-0.15,0.61,-1.55,6.29,0.31,-1
2021-12-08,9.24,10.33,9.22,9.93,548984,0.69,1.11,6.95,11.16,0.55,1
2021-12-07,8.85,9.84,8.85,9.18,619865,0.33,0.99,3.59,10.78,0.5,1
2021-12-06,8.91,9.07,8.52,8.73,600662,-0.18,0.55,-2.06,6.3,0.28,-1
2021-12-03,9.6,9.72,8.52,8.89,349036,-0.71,1.2,-7.99,13.5,0.6,-1
2021-12-02,9.4,9.98,9.24,9.51,245562,0.11,0.74,1.16,7.78,0.37,1
2021-12-01,9.74,9.79,9.0,9.35,327494,-0.39,0.79,-4.17,8.45,0.39,-1
2021-11-30,9.24,9.62,8.93,9.55,249403,0.31,0.69,3.25,7.23,0.34,1
2021-11-29,9.31,9.9,9.0,9.25,588235,-0.06,0.9,-0.65,9.73,0.45,-1
2021-11-26,9.17,9.81,8.93,9.31,137871,0.14,0.88,1.5,9.45,0.44,-1
2021-11-24,9.21,9.54,9.08,9.4,188699,0.19,0.46,2.02,4.89,0.23,1
2021-11-23,9.86,10.03,9.0,9.36,402345,-0.5,1.03,-5.34,11.0,0.51,-1
2021-11-22,10.71,10.96,9.71,9.8,343233,-0.91,1.25,-9.29,12.76,0.62,-1
2021-11-19,10.49,11.06,10.31,10.81,227032,0.32,0.75,2.96,6.94,0.38,1
2021-11-18,11.13,11.17,10.45,10.52,482761,-0.61,0.72,-5.8,6.84,0.36,-1
2021-11-17,10.98,11.41,10.92,11.1,297154,0.12,0.49,1.08,4.41,0.25,1
2021-11-16,11.05,11.2,10.81,10.94,408560,-0.11,0.39,-1.01,3.56,0.19,-1
2021-11-15,11.61,11.63,10.93,11.05,512162,-0.56,0.7,-5.07,6.33,0.35,-1
2021-11-12,11.52,11.62,10.8,11.39,327560,-0.13,0.82,-1.14,7.24,0.41,-1
2021-11-11,12.05,12.1,11.22,11.52,244244,-0.53,0.88,-4.6,7.64,0.44,-1
2021-11-10,12.05,12.31,11.75,12.05,330364,0.0,0.56,0.0,4.65,0.28,1
2021-11-09,12.93,12.93,11.62,12.01,265188,-0.92,1.31,-7.66,10.91,0.66,-1
2021-11-08,13.7,14.16,12.71,12.96,274416,-0.74,1.44,-5.71,11.15,0.72,-1
2021-11-05,14.98,15.02,13.55,13.82,108624,-1.16,1.47,-8.39,10.64,0.73,-1
2021-11-04,14.05,15.42,13.94,14.93,234776,0.88,1.47,5.89,9.88,0.74,1
2021-11-03,14.86,15.5,13.71,13.99,472784,-0.87,1.78,-6.22,12.76,0.89,-1
2021-11-02,14.12,15.28,13.84,14.84,144373,0.72,1.44,4.85,9.74,0.72,1
2021-11-01,14.01,14.38,13.54,14.14,260628,0.13,0.84,0.92,5.94,0.42,1
2021-10-29,14.74,15.32,13.57,13.94,293408,-0.8,1.75,-5.74,12.54,0.87,-1
2021-10-28,14.44,14.8,14.09,14.67,107552,0.23,0.71,1.57,4.84,0.36,1
2021-10-27,15.02,15.47,14.12,14.37,167799,-0.65,1.35,-4.52,9.39,0.68,-1
2021-10-26,14.49,15.46,14.33,15.19,231701,0.7,1.13,4.61,7.44,0.57,1
2021-10-25,13.83,14.5,13.67,14.45,126598,0.62,0.83,4.29,5.74,0.42,1
2021-10-22,13.83,13.83,13.46,13.79,112801,-0.04,0.37,-0.29,2.68,0.18,-1
2021-10-21,13.87,14.1,13.48,13.89,119405,0.02,0.62,0.14,4.46,0.31,1
2021-10-20,13.88,14.13,13.56,13.88,110569,0.0,0.57,0.0,4.11,0.29,-1
2021-10-19,13.23,14.26,13.23,13.92,209331,0.69,1.03,4.96,7.4,0.51,1
2021-10-18,13.19,13.45,12.79,13.08,156059,-0.11,0.66,-0.84,5.05,0.33,-1
2021-10-15,13.65,14.07,12.94,13.28,177426,-0.37,1.13,-2.79,8.51,0.57,-1
2021-10-14,13.01,13.65,12.22,13.51,116940,0.5,1.43,3.7,10.58,0.71,1
2021-10-13,13.07,13.21,12.21,12.85,232190,-0.22,1.0,-1.71,7.78,0.5,-1
2021-10-12,12.29,13.47,11.91,13.15,222200,0.86,1.56,6.54,11.86,0.78,1
2021-10-11,12.86,12.86,11.74,12.2,282686,-0.66,1.12,-5.41,9.18,0.56,-1
2021-10-08,12.5,13.34,12.41,12.94,503792,0.44,0.93,3.4,7.19,0.46,1
2021-10-07,11.55,12.53,11.39,12.45,194789,0.9,1.14,7.23,9.16,0.57,1
2021-10-06,12.08,12.21,11.31,11.57,252401,-0.51,0.9,-4.41,7.78,0.45,-1
2021-10-05,13.04,13.11,11.75,12.13,202558,-0.91,1.36,-7.5,11.21,0.68,-1
2021-10-04,13.28,13.28,12.17,13.11,331207,-0.17,1.11,-1.3,8.47,0.55,-1
2021-10-01,14.5,14.5,12.69,13.29,649613,-1.21,1.81,-9.1,13.62,0.91,-1
2021-09-30,14.56,15.01,14.11,14.8,575802,0.24,0.9,1.62,6.08,0.45,1
2021-09-29,13.92,14.58,13.71,14.56,322302,0.64,0.87,4.4,5.98,0.43,1
2021-09-28,12.84,14.35,12.35,14.12,1078872,1.28,2.0,9.07,14.16,1.0,1
2021-09-27,11.99,13.16,11.88,12.84,461219,0.85,1.28,6.62,9.97,0.64,1
2021-09-24,11.3,12.4,11.12,12.28,258327,0.98,1.28,7.98,10.42,0.64,1
2021-09-23,11.28,11.4,10.98,11.23,349784,-0.05,0.42,-0.45,3.74,0.21,-1
2021-09-22,11.0,11.45,10.86,11.29,332213,0.29,0.59,2.57,5.23,0.29,1
2021-09-21,11.11,11.41,10.88,11.0,394452,-0.11,0.53,-1.0,4.78,0.26,-1
2021-09-20,11.52,11.65,10.62,11.03,1015586,-0.49,1.03,-4.44,9.34,0.52,-1
2021-09-17,12.0,12.61,11.37,11.81,4092598,-0.19,1.24,-1.61,10.5,0.62,1
2021-09-16,13.41,13.85,11.62,11.66,1092524,-1.75,2.24,-15.01,19.18,1.12,-1
2021-09-15,14.51,14.51,13.18,13.18,695557,-1.33,1.33,-10.09,10.1,0.67,-1
2021-09-14,15.88,16.04,14.08,14.51,403805,-1.37,1.96,-9.44,13.51,0.98,-1
2021-09-13,17.75,17.75,13.25,16.05,2111026,-1.7,4.5,-10.59,28.04,2.25,-1
2021-09-10,17.06,18.16,15.06,17.95,758728,0.89,3.1,4.96,17.27,1.55,1
2021-09-09,16.85,17.54,16.77,16.86,458863,0.01,0.77,0.06,4.57,0.38,-1
2021-09-08,16.96,17.35,15.98,17.05,732695,0.09,1.37,0.53,8.04,0.69,1
2021-09-07,16.71,19.84,16.7,17.0,3028722,0.29,3.14,1.71,18.47,1.57,1
2021-09-03,16.7,16.7,16.26,16.48,299349,-0.22,0.45,-1.33,2.7,0.22,-1
2021-09-02,16.19,16.86,15.96,16.7,146687,0.51,0.89,3.05,5.36,0.45,1
2021-09-01,15.78,16.83,15.32,16.1,209336,0.32,1.51,1.99,9.38,0.75,1
2021-08-31,15.87,16.32,15.66,15.79,124005,-0.08,0.66,-0.51,4.18,0.33,1
2021-08-30,16.33,17.0,15.74,15.78,209939,-0.55,1.26,-3.49,7.98,0.63,-1
2021-08-27,15.33,16.9,15.05,16.23,207375,0.9,1.85,5.55,11.4,0.92,1
2021-08-26,15.51,16.28,14.98,15.29,268505,-0.22,1.3,-1.44,8.5,0.65,-1
2021-08-25,15.47,15.86,15.18,15.5,61027,0.03,0.68,0.19,4.39,0.34,1
2021-08-24,15.65,15.7,15.28,15.48,57298,-0.17,0.42,-1.1,2.71,0.21,-1
2021-08-23,15.28,16.2,15.24,15.61,165625,0.33,0.96,2.11,6.12,0.48,1
2021-08-20,14.51,15.4,14.4,15.14,200362,0.63,1.0,4.16,6.61,0.5,1
2021-08-19,14.84,15.18,14.01,14.54,226944,-0.3,1.17,-2.06,8.05,0.58,-1
2021-08-18,14.66,15.18,14.29,14.87,136183,0.21,0.89,1.41,5.95,0.44,1
2021-08-17,14.06,14.86,13.76,14.73,100967,0.67,1.1,4.55,7.47,0.55,1
2021-08-16,14.83,14.83,13.75,14.08,154111,-0.75,1.08,-5.33,7.67,0.54,-1
2021-08-13,14.34,15.0,14.28,14.81,141701,0.47,0.72,3.17,4.86,0.36,1
2021-08-12,14.5,14.9,14.0,14.28,134439,-0.22,0.9,-1.54,6.3,0.45,-1
2021-08-11,14.89,14.91,14.41,14.41,175772,-0.48,0.5,-3.33,3.47,0.25,-1
2021-08-10,14.91,15.15,14.53,14.82,139803,-0.09,0.62,-0.61,4.18,0.31,-1
2021-08-09,15.76,16.35,14.8,15.03,441948,-0.73,1.55,-4.86,10.33,0.78,-1
2021-08-06,16.27,16.33,15.5,15.64,393491,-0.63,0.83,-4.03,5.31,0.41,-1
2021-08-05,15.74,16.7,15.64,16.29,189815,0.55,1.06,3.38,6.51,0.53,1
2021-08-04,15.55,16.23,15.45,15.72,158966,0.17,0.78,1.08,4.96,0.39,1
2021-08-03,14.79,15.73,14.43,15.55,97381,0.76,1.3,4.89,8.36,0.65,1
2021-08-02,15.77,15.77,14.28,14.72,266208,-1.05,1.49,-7.13,10.12,0.75,1
2021-07-30,13.93,14.73,13.75,14.5,207726,0.57,0.98,3.93,6.76,0.49,1
2021-07-29,13.62,14.32,13.46,13.97,290840,0.35,0.86,2.51,6.19,0.43,1
2021-07-28,14.46,14.61,13.11,13.51,289708,-0.95,1.5,-7.03,11.1,0.75,-1
2021-07-27,14.66,14.98,14.0,14.41,250846,-0.25,0.98,-1.73,6.8,0.49,-1
2021-07-26,14.5,15.16,14.11,14.55,297663,0.05,1.05,0.34,7.24,0.53,1
2021-07-23,15.57,16.05,14.3,14.43,241805,-1.14,1.75,-7.9,12.13,0.88,-1
2021-07-22,15.77,16.1,15.17,15.57,221159,-0.2,0.93,-1.28,5.97,0.47,-1
2021-07-21,16.83,16.93,15.36,15.7,331149,-1.13,1.57,-7.2,10.0,0.79,-1
2021-07-20,16.53,17.15,16.53,16.7,102962,0.17,0.62,1.02,3.71,0.31,1
2021-07-19,16.71,17.25,16.41,16.45,123503,-0.26,0.84,-1.58,5.11,0.42,-1
2021-07-16,16.12,17.35,16.0,16.91,760402,0.79,1.36,4.67,8.01,0.68,1
2021-07-15,16.64,16.99,15.83,16.07,714276,-0.57,1.16,-3.55,7.22,0.58,-1
2021-07-14,16.1,16.75,16.1,16.67,384975,0.57,0.65,3.42,3.9,0.32,1
2021-07-13,16.01,16.8,15.86,16.22,439678,0.21,0.94,1.29,5.8,0.47,-1
2021-07-12,16.0,16.92,15.7,16.27,695948,0.27,1.21,1.66,7.47,0.61,1
2021-07-09,15.21,16.29,15.02,15.88,442635,0.67,1.27,4.22,8.0,0.63,1
2021-07-08,15.11,16.0,14.98,15.25,521813,0.14,1.02,0.92,6.69,0.51,-1
2021-07-07,15.46,15.59,15.0,15.38,332011,-0.08,0.59,-0.52,3.84,0.29,-1
2021-07-06,16.03,16.03,15.2,15.51,701593,-0.52,0.83,-3.35,5.35,0.42,-1
2021-07-02,15.95,16.17,15.12,16.03,330634,0.08,1.06,0.5,6.58,0.53,1
2021-07-01,16.1,16.37,15.73,16.01,747378,-0.09,0.64,-0.56,4.0,0.32,-1
2021-06-30,16.2,16.4,16.0,16.24,461936,0.04,0.4,0.25,2.44,0.2,-1
2021-06-29,16.47,16.73,16.01,16.32,643376,-0.15,0.72,-0.92,4.41,0.36,-1
2021-06-28,15.91,16.94,15.82,16.56,217648,0.65,1.12,3.95,6.76,0.56,1
2021-06-25,15.9,16.15,15.8,15.99,126360,0.09,0.35,0.56,2.19,0.17,-1
2021-06-24,16.58,16.64,15.5,16.0,383368,-0.58,1.14,-3.62,7.13,0.57,-1
2021-06-23,16.36,16.85,16.0,16.55,2357975,0.19,0.85,1.15,5.14,0.43,-1
2021-06-22,16.74,16.87,16.0,16.6,486044,-0.14,0.87,-0.84,5.24,0.44,-1
2021-06-21,16.1,16.88,15.12,16.66,698375,0.56,1.76,3.36,10.56,0.88,1
2021-06-18,16.26,16.85,15.99,16.2,448015,-0.06,0.86,-0.37,5.31,0.43,-1
2021-06-17,18.75,18.9,14.99,16.89,4397335,-1.86,3.91,-11.01,23.15,1.95,-1
