Date,Open,High,Low,Close,Volume,Change,Delta,Change_Ratio,Delta_Ratio,Variance,SMA,EMA,MACD,MACD_Signal,MACD_Hist,OBV,DX,Aroon Up,Aroon Down,aroon_check,aroon_gap,Aroon Buying Signal,bband_upper,bband_middle,bband_lower,BBW,RSI,Volume Analysis,Value Analysis,ADX,Trend Strength
2023-08-25,0.93,0.95,0.9,0.95,78034,0.02,0.04,1.78,4.76,0.02,0.92,0.92,-0.0,-0.01,0.0,7423141,2.8,58.33,66.67,-1.0,-8.33,High Volatility / Hold Signal,0.98,0.92,0.86,0.12,49.51,Target Volume,Expected Range,4.32,Absent or Weak Trend
2023-08-24,0.93,0.97,0.91,0.95,102037,0.02,0.06,2.32,6.32,0.03,0.92,0.92,-0.0,-0.01,0.0,7501175,3.24,60.0,68.33,-1.0,-8.33,High Volatility / Hold Signal,0.97,0.92,0.86,0.12,49.69,Target Volume,Expected Range,4.34,Absent or Weak Trend
2023-08-23,0.83,0.92,0.83,0.92,96308,0.08,0.09,9.25,10.3,0.05,0.92,0.92,-0.01,-0.01,-0.0,7399138,0.53,61.67,70.0,-1.0,-8.33,High Volatility / Hold Signal,0.97,0.92,0.86,0.12,48.29,Target Volume,Expected Range,4.36,Absent or Weak Trend
2023-08-22,0.93,0.93,0.86,0.86,67483,-0.07,0.07,-8.01,8.01,0.03,0.92,0.92,-0.01,-0.01,-0.0,7302830,2.11,63.33,71.67,-1.0,-8.33,High Volatility / Hold Signal,0.97,0.92,0.86,0.13,45.97,Target Volume,Expected Range,4.43,Absent or Weak Trend
2023-08-21,0.86,0.93,0.86,0.89,46823,0.03,0.07,3.03,7.53,0.03,0.92,0.92,-0.01,-0.01,-0.0,7370313,2.28,65.0,73.33,-1.0,-8.33,High Volatility / Hold Signal,0.97,0.92,0.86,0.12,47.08,Target Volume,Expected Range,4.47,Absent or Weak Trend
2023-08-18,0.91,0.94,0.86,0.86,61843,-0.05,0.08,-5.9,9.39,0.04,0.92,0.92,-0.01,-0.0,-0.0,7323490,2.28,66.67,75.0,-1.0,-8.33,High Volatility / Hold Signal,0.97,0.92,0.86,0.12,45.72,Target Volume,Expected Range,4.5,Absent or Weak Trend
2023-08-17,0.89,0.95,0.89,0.91,60116,0.02,0.06,2.21,6.62,0.03,0.92,0.92,-0.0,-0.0,-0.0,7385333,4.94,68.33,76.67,-1.0,-8.33,High Volatility / Hold Signal,0.97,0.92,0.86,0.12,47.71,Target Volume,Expected Range,4.54,Absent or Weak Trend
2023-08-16,0.89,0.93,0.88,0.88,26706,-0.01,0.05,-1.11,5.65,0.02,0.92,0.93,-0.0,-0.0,-0.0,7325217,3.31,70.0,78.33,-1.0,-8.33,High Volatility / Hold Signal,0.97,0.92,0.86,0.12,46.36,Target Volume,Expected Range,4.53,Absent or Weak Trend
2023-08-15,0.93,0.93,0.91,0.92,23272,-0.01,0.02,-1.09,2.61,0.01,0.92,0.93,-0.0,-0.0,0.0,7351923,5.59,71.67,80.0,-1.0,-8.33,High Volatility / Hold Signal,0.97,0.92,0.86,0.12,47.99,Target Volume,Expected Range,4.55,Absent or Weak Trend
2023-08-14,0.88,0.95,0.88,0.92,10757,0.04,0.07,4.32,7.3,0.03,0.92,0.93,-0.0,-0.0,0.0,7351923,5.59,73.33,81.67,-1.0,-8.33,High Volatility / Hold Signal,0.97,0.92,0.86,0.12,47.99,Target Volume,Expected Range,4.54,Absent or Weak Trend
2023-08-11,0.91,0.97,0.91,0.92,151754,0.01,0.06,1.09,6.52,0.03,0.92,0.93,-0.0,-0.0,0.0,7351923,8.26,75.0,83.33,-1.0,-8.33,High Volatility / Hold Signal,0.97,0.92,0.86,0.12,47.99,Target Volume,Expected Range,4.52,Absent or Weak Trend
2023-08-10,0.92,0.92,0.92,0.92,33991,0.0,0.0,0.0,0.5,0.0,0.92,0.93,-0.0,-0.0,0.0,7351923,4.64,76.67,85.0,-1.0,-8.33,High Volatility / Hold Signal,0.98,0.92,0.86,0.13,47.99,Target Volume,Expected Range,4.46,Absent or Weak Trend
2023-08-09,0.93,0.95,0.92,0.93,101159,-0.0,0.03,-0.4,3.24,0.02,0.92,0.93,-0.0,-0.01,0.0,7385914,4.64,78.33,86.67,-1.0,-8.33,High Volatility / Hold Signal,0.98,0.92,0.86,0.13,48.31,Target Volume,Expected Range,4.45,Absent or Weak Trend
2023-08-08,0.88,0.99,0.88,0.93,195721,0.05,0.11,5.37,11.82,0.05,0.92,0.93,-0.01,-0.01,0.0,7487073,4.64,80.0,88.33,-1.0,-8.33,High Volatility / Hold Signal,0.98,0.92,0.86,0.13,48.39,Target Volume,Expected Range,4.45,Absent or Weak Trend
2023-08-07,0.9,0.93,0.9,0.9,69934,-0.0,0.03,-0.44,3.33,0.02,0.92,0.93,-0.01,-0.01,-0.0,7291352,0.32,81.67,90.0,-1.0,-8.33,High Volatility / Hold Signal,0.98,0.92,0.86,0.13,47.11,Target Volume,Expected Range,4.45,Absent or Weak Trend
2023-08-04,0.9,0.93,0.9,0.92,105996,0.02,0.03,2.17,3.26,0.02,0.92,0.93,-0.01,-0.01,-0.0,7361286,0.32,83.33,91.67,-1.0,-8.33,High Volatility / Hold Signal,0.98,0.92,0.86,0.13,47.89,Target Volume,Expected Range,4.52,Absent or Weak Trend
2023-08-03,0.88,0.92,0.88,0.9,11100,0.02,0.04,2.22,4.24,0.02,0.92,0.93,-0.01,-0.0,-0.0,7255290,1.32,85.0,93.33,-1.0,-8.33,High Volatility / Hold Signal,0.98,0.92,0.86,0.13,47.03,Target Volume,Expected Range,4.59,Absent or Weak Trend
2023-08-02,0.91,0.91,0.9,0.9,1358,-0.01,0.01,-1.11,1.11,0.01,0.92,0.93,-0.01,-0.0,-0.0,7255290,0.35,86.67,95.0,-1.0,-8.33,High Volatility / Hold Signal,0.98,0.92,0.86,0.13,47.03,Target Volume,Expected Range,4.64,Absent or Weak Trend
2023-08-01,0.9,0.91,0.9,0.9,4180,0.0,0.01,0.0,0.66,0.0,0.92,0.93,-0.01,-0.0,-0.0,7255290,0.01,88.33,96.67,-1.0,-8.33,High Volatility / Hold Signal,0.98,0.92,0.86,0.13,47.03,Target Volume,Expected Range,4.71,Absent or Weak Trend
2023-07-31,0.89,0.96,0.88,0.93,41374,0.04,0.08,4.25,8.68,0.04,0.92,0.93,-0.01,-0.0,-0.0,7259470,0.01,90.0,98.33,-1.0,-8.33,High Volatility / Hold Signal,0.99,0.92,0.86,0.13,48.1,Target Volume,Expected Range,4.79,Absent or Weak Trend
2023-07-28,0.88,0.89,0.83,0.89,40013,0.01,0.06,1.06,6.68,0.03,0.92,0.93,-0.01,-0.0,-0.01,7218096,6.04,91.67,100.0,-1.0,-8.33,High Volatility / Hold Signal,0.99,0.92,0.86,0.14,46.45,Target Volume,Expected Range,4.88,Absent or Weak Trend
2023-07-27,0.9,0.9,0.88,0.88,3660,-0.02,0.02,-2.26,2.27,0.01,0.92,0.93,-0.01,0.0,-0.01,7178083,1.91,93.33,35.0,1.0,58.33,Weak Buy Signal,0.99,0.92,0.86,0.13,46.05,Target Volume,Expected Range,4.86,Absent or Weak Trend
2023-07-26,0.89,0.91,0.89,0.89,8632,0.0,0.02,0.0,2.25,0.01,0.93,0.94,-0.0,0.0,-0.0,7181743,1.05,95.0,36.67,1.0,58.33,Weak Buy Signal,0.99,0.93,0.86,0.13,46.41,Target Volume,Expected Range,4.91,Absent or Weak Trend
2023-07-25,0.94,0.94,0.9,0.9,31888,-0.03,0.04,-3.87,4.44,0.02,0.93,0.94,0.0,0.0,-0.0,7190375,0.62,96.67,38.33,1.0,58.33,Weak Buy Signal,0.99,0.93,0.87,0.13,46.79,Target Volume,Expected Range,4.97,Absent or Weak Trend
2023-07-24,0.96,0.96,0.94,0.94,15602,-0.02,0.02,-1.65,1.65,0.01,0.93,0.94,0.01,0.0,0.0,7222263,3.32,98.33,0.0,1.0,98.33,Strong Buy Signal,0.99,0.93,0.87,0.13,48.28,Target Volume,Expected Range,5.04,Absent or Weak Trend
2023-07-21,1.0,1.0,0.96,0.97,119377,-0.03,0.04,-3.09,4.12,0.02,0.93,0.94,0.01,0.0,0.0,7237865,5.14,100.0,1.67,1.0,98.33,Strong Buy Signal,0.99,0.93,0.87,0.13,49.46,Target Volume,Expected Range,5.07,Absent or Weak Trend
2023-07-20,0.96,0.98,0.94,0.96,403466,0.0,0.04,0.32,4.12,0.02,0.93,0.94,0.0,0.0,0.0,7118488,3.45,16.67,3.33,1.0,13.33,High Volatility / Hold Signal,0.99,0.93,0.87,0.13,48.97,Target Volume,Expected Range,5.07,Absent or Weak Trend
2023-07-19,0.94,0.96,0.93,0.93,50330,-0.01,0.03,-1.08,3.1,0.01,0.93,0.94,0.0,0.0,-0.0,6715022,1.66,18.33,5.0,1.0,13.33,High Volatility / Hold Signal,0.99,0.93,0.87,0.13,47.81,Target Volume,Expected Range,5.1,Absent or Weak Trend
2023-07-18,0.95,0.97,0.95,0.95,78016,0.0,0.02,0.12,2.39,0.01,0.93,0.94,0.0,0.0,-0.0,6765352,3.21,20.0,6.67,1.0,13.33,High Volatility / Hold Signal,0.99,0.93,0.87,0.13,48.63,Target Volume,Expected Range,5.16,Absent or Weak Trend
2023-07-17,0.89,0.96,0.89,0.94,71300,0.05,0.07,5.32,7.34,0.03,0.93,0.94,-0.0,0.0,-0.0,6687336,2.28,21.67,8.33,1.0,13.33,High Volatility / Hold Signal,0.99,0.93,0.87,0.13,48.17,Target Volume,Expected Range,5.19,Absent or Weak Trend
2023-07-14,0.9,0.9,0.88,0.89,18503,-0.01,0.02,-1.12,2.25,0.01,0.93,0.94,-0.0,0.0,-0.01,6616036,2.96,23.33,10.0,1.0,13.33,High Volatility / Hold Signal,0.99,0.93,0.87,0.13,46.05,Target Volume,Expected Range,5.24,Absent or Weak Trend
2023-07-13,0.92,0.92,0.9,0.9,54272,-0.02,0.02,-2.22,2.67,0.01,0.93,0.94,0.0,0.01,-0.0,6634539,1.2,25.0,11.67,1.0,13.33,High Volatility / Hold Signal,0.99,0.93,0.87,0.13,46.42,Target Volume,Expected Range,5.28,Absent or Weak Trend
2023-07-12,0.93,0.94,0.92,0.92,59772,-0.01,0.02,-1.09,2.0,0.01,0.93,0.94,0.0,0.01,-0.0,6688811,0.6,26.67,13.33,1.0,13.33,High Volatility / Hold Signal,0.99,0.93,0.87,0.13,47.18,Target Volume,Expected Range,5.35,Absent or Weak Trend
2023-07-11,0.93,0.95,0.93,0.94,15435,0.01,0.02,1.56,2.1,0.01,0.93,0.94,0.01,0.01,-0.0,6748583,1.53,28.33,15.0,1.0,13.33,High Volatility / Hold Signal,0.99,0.93,0.87,0.13,48.13,Target Volume,Expected Range,5.43,Absent or Weak Trend
2023-07-10,0.93,0.94,0.92,0.94,36970,0.01,0.02,0.79,1.89,0.01,0.93,0.94,0.01,0.01,-0.0,6733148,0.44,30.0,16.67,1.0,13.33,High Volatility / Hold Signal,0.99,0.93,0.87,0.13,47.82,Target Volume,Expected Range,5.5,Absent or Weak Trend
2023-07-07,0.93,0.95,0.93,0.93,28143,0.0,0.02,0.09,2.05,0.01,0.93,0.94,0.01,0.01,0.0,6696178,1.34,31.67,18.33,1.0,13.33,High Volatility / Hold Signal,0.99,0.93,0.87,0.13,47.54,Target Volume,Expected Range,5.58,Absent or Weak Trend
2023-07-06,0.95,0.95,0.92,0.95,123464,0.0,0.03,0.0,3.51,0.02,0.93,0.94,0.01,0.01,0.0,6724321,1.34,33.33,20.0,1.0,13.33,High Volatility / Hold Signal,0.99,0.93,0.86,0.14,48.27,Target Volume,Expected Range,5.65,Absent or Weak Trend
2023-07-05,0.95,0.96,0.94,0.95,37814,0.0,0.02,0.01,1.85,0.01,0.93,0.94,0.01,0.01,0.0,6847785,3.61,35.0,21.67,1.0,13.33,High Volatility / Hold Signal,0.99,0.93,0.86,0.14,48.28,Target Volume,Expected Range,5.73,Absent or Weak Trend
2023-07-03,0.95,0.95,0.95,0.95,2171,0.0,0.0,0.0,0.0,0.0,0.93,0.94,0.01,0.01,0.0,6847785,2.77,36.67,23.33,1.0,13.33,High Volatility / Hold Signal,0.99,0.93,0.86,0.14,48.28,Target Volume,Expected Range,5.76,Absent or Weak Trend
2023-06-30,0.93,0.98,0.93,0.93,34403,0.0,0.05,0.01,5.37,0.02,0.93,0.94,0.01,0.01,0.0,6845614,2.77,0.0,25.0,-1.0,-25.0,Weak Sell Signal,0.99,0.93,0.86,0.14,47.48,Target Volume,Expected Range,5.81,Absent or Weak Trend
2023-06-29,0.93,0.97,0.92,0.96,63305,0.03,0.04,3.12,4.68,0.02,0.93,0.94,0.01,0.01,0.01,6880017,1.94,0.0,26.67,-1.0,-26.67,Weak Sell Signal,0.99,0.93,0.86,0.14,48.58,Target Volume,Expected Range,5.86,Absent or Weak Trend
2023-06-28,0.95,0.96,0.93,0.95,63735,0.0,0.03,0.38,3.16,0.01,0.93,0.94,0.01,0.0,0.01,6816712,1.12,1.67,28.33,-1.0,-26.67,Weak Sell Signal,1.0,0.93,0.86,0.15,48.18,Target Volume,Expected Range,5.93,Absent or Weak Trend
2023-06-27,0.94,0.96,0.94,0.95,12228,0.01,0.02,1.06,2.0,0.01,0.93,0.94,0.01,0.0,0.01,6880447,1.97,3.33,30.0,-1.0,-26.67,Weak Sell Signal,1.01,0.93,0.85,0.16,48.19,Target Volume,Expected Range,6.01,Absent or Weak Trend
2023-06-26,0.92,0.95,0.92,0.95,53502,0.03,0.03,3.17,3.17,0.02,0.93,0.94,0.01,0.0,0.01,6880447,1.25,5.0,31.67,-1.0,-26.67,Weak Sell Signal,1.02,0.93,0.85,0.18,48.19,Target Volume,Expected Range,6.08,Absent or Weak Trend
2023-06-23,0.94,0.95,0.92,0.95,19288,0.01,0.03,1.04,3.15,0.01,0.93,0.94,0.01,-0.0,0.01,6826945,1.23,6.67,33.33,-1.0,-26.67,Weak Sell Signal,1.02,0.93,0.85,0.19,48.18,Target Volume,Expected Range,6.16,Absent or Weak Trend
2023-06-22,0.93,0.97,0.93,0.95,43814,0.02,0.04,2.12,4.2,0.02,0.93,0.94,0.01,-0.0,0.01,6846233,2.05,8.33,35.0,-1.0,-26.67,Weak Sell Signal,1.02,0.93,0.85,0.19,48.19,Target Volume,Expected Range,6.25,Absent or Weak Trend
2023-06-21,0.92,0.97,0.92,0.96,42025,0.04,0.05,3.99,5.21,0.02,0.94,0.94,0.0,-0.01,0.01,6890047,2.05,10.0,36.67,-1.0,-26.67,Weak Sell Signal,1.02,0.94,0.85,0.19,48.46,Target Volume,Expected Range,6.32,Absent or Weak Trend
2023-06-20,0.92,0.94,0.92,0.94,52212,0.02,0.02,2.13,2.66,0.01,0.94,0.93,-0.0,-0.01,0.01,6848022,0.1,11.67,38.33,-1.0,-26.67,Weak Sell Signal,1.02,0.94,0.85,0.19,47.8,Target Volume,Expected Range,6.39,Absent or Weak Trend
2023-06-16,0.93,0.94,0.93,0.94,2121,0.01,0.01,0.79,0.79,0.0,0.94,0.93,-0.0,-0.01,0.01,6795810,0.69,13.33,40.0,-1.0,-26.67,Weak Sell Signal,1.03,0.94,0.85,0.19,47.62,Target Volume,Expected Range,6.5,Absent or Weak Trend
2023-06-15,0.91,0.93,0.91,0.93,17880,0.02,0.02,2.14,2.14,0.01,0.94,0.93,-0.01,-0.01,0.01,6793689,1.09,15.0,41.67,-1.0,-26.67,Weak Sell Signal,1.03,0.94,0.85,0.19,47.44,Target Volume,Expected Range,6.59,Absent or Weak Trend
2023-06-14,0.95,0.95,0.9,0.91,318614,-0.04,0.05,-4.22,5.23,0.02,0.94,0.93,-0.01,-0.01,0.0,6775809,1.09,16.67,43.33,-1.0,-26.67,Weak Sell Signal,1.03,0.94,0.85,0.2,46.73,Target Volume,Expected Range,6.69,Absent or Weak Trend
2023-06-13,0.92,0.94,0.89,0.92,54553,0.0,0.05,0.0,5.42,0.02,0.94,0.94,-0.01,-0.02,0.0,7094423,1.76,18.33,45.0,-1.0,-26.67,Weak Sell Signal,1.03,0.94,0.85,0.2,47.04,Target Volume,Expected Range,6.78,Absent or Weak Trend
2023-06-12,0.88,0.92,0.88,0.89,25496,0.01,0.04,1.06,4.46,0.02,0.94,0.94,-0.02,-0.02,0.0,7039870,3.29,20.0,46.67,-1.0,-26.67,Weak Sell Signal,1.03,0.94,0.85,0.2,45.96,Target Volume,Expected Range,6.87,Absent or Weak Trend
2023-06-09,0.9,0.9,0.88,0.88,36911,-0.02,0.02,-2.27,2.28,0.01,0.94,0.94,-0.02,-0.02,0.0,7014374,4.86,21.67,48.33,-1.0,-26.67,Weak Sell Signal,1.03,0.94,0.85,0.2,45.6,Target Volume,Expected Range,6.93,Absent or Weak Trend
2023-06-08,0.9,0.9,0.87,0.9,35550,0.0,0.03,0.06,3.01,0.01,0.94,0.94,-0.02,-0.02,0.0,7051285,4.87,23.33,50.0,-1.0,-26.67,Weak Sell Signal,1.03,0.94,0.85,0.19,46.14,Target Volume,Expected Range,6.96,Absent or Weak Trend
2023-06-07,0.87,0.92,0.87,0.87,53419,0.0,0.06,0.47,6.51,0.03,0.94,0.94,-0.02,-0.02,-0.0,7015735,4.87,25.0,51.67,-1.0,-26.67,Weak Sell Signal,1.03,0.94,0.85,0.19,45.28,Target Volume,Expected Range,7.0,Absent or Weak Trend
2023-06-06,0.88,0.88,0.86,0.87,37680,-0.01,0.02,-1.51,2.66,0.01,0.94,0.94,-0.02,-0.02,-0.0,6962316,8.13,26.67,53.33,-1.0,-26.67,Weak Sell Signal,1.03,0.94,0.86,0.19,45.14,Target Volume,Expected Range,7.04,Absent or Weak Trend
2023-06-05,0.87,0.89,0.87,0.88,27085,0.01,0.02,1.48,2.67,0.01,0.95,0.95,-0.02,-0.02,-0.0,6999996,7.46,28.33,55.0,-1.0,-26.67,Weak Sell Signal,1.03,0.95,0.86,0.18,45.52,Target Volume,Expected Range,7.02,Absent or Weak Trend
2023-06-02,0.9,0.9,0.87,0.88,5215,-0.02,0.03,-2.52,3.75,0.02,0.95,0.95,-0.02,-0.02,-0.0,6972911,7.46,30.0,56.67,-1.0,-26.67,Weak Sell Signal,1.03,0.95,0.86,0.18,45.44,Target Volume,Expected Range,7.01,Absent or Weak Trend
2023-06-01,0.87,0.9,0.86,0.89,34582,0.02,0.04,2.65,4.46,0.02,0.95,0.95,-0.02,-0.01,-0.0,6978126,7.69,31.67,58.33,-1.0,-26.67,Weak Sell Signal,1.03,0.95,0.86,0.18,45.82,Target Volume,Expected Range,7.0,Absent or Weak Trend
2023-05-31,0.87,0.9,0.83,0.9,69236,0.03,0.07,3.76,7.78,0.04,0.95,0.95,-0.02,-0.01,-0.0,7012708,7.69,33.33,60.0,-1.0,-26.67,Weak Sell Signal,1.03,0.95,0.87,0.17,46.0,Target Volume,Expected Range,6.99,Absent or Weak Trend
2023-05-30,0.87,0.89,0.84,0.87,35107,-0.0,0.05,-0.05,5.68,0.02,0.95,0.95,-0.02,-0.01,-0.01,6943472,7.01,35.0,61.67,-1.0,-26.67,Weak Sell Signal,1.03,0.95,0.87,0.17,44.98,Target Volume,Expected Range,6.98,Absent or Weak Trend
2023-05-26,0.9,0.9,0.85,0.87,50803,-0.03,0.05,-3.44,5.71,0.02,0.95,0.96,-0.02,-0.01,-0.0,6978579,6.39,36.67,63.33,-1.0,-26.67,Weak Sell Signal,1.03,0.95,0.87,0.17,44.98,Target Volume,Expected Range,6.98,Absent or Weak Trend
2023-05-25,0.9,0.9,0.85,0.9,16867,0.0,0.05,0.0,5.54,0.02,0.95,0.96,-0.01,-0.01,-0.0,7029382,6.39,38.33,65.0,-1.0,-26.67,Weak Sell Signal,1.03,0.95,0.88,0.16,45.82,Target Volume,Expected Range,6.99,Absent or Weak Trend
2023-05-24,0.88,0.9,0.87,0.88,40658,-0.0,0.03,-0.02,3.77,0.02,0.96,0.96,-0.01,-0.01,-0.0,7012515,5.34,40.0,66.67,-1.0,-26.67,Weak Sell Signal,1.03,0.96,0.88,0.16,45.14,Target Volume,Expected Range,7.0,Absent or Weak Trend
2023-05-23,0.89,0.97,0.89,0.94,3552,0.05,0.08,5.43,8.69,0.04,0.96,0.96,-0.01,-0.01,0.0,7053173,3.86,41.67,68.33,-1.0,-26.67,Weak Sell Signal,1.03,0.96,0.88,0.16,46.89,Target Volume,Expected Range,7.03,Absent or Weak Trend
2023-05-22,0.93,0.98,0.86,0.94,11586,0.01,0.12,1.06,12.53,0.06,0.96,0.96,-0.01,-0.01,-0.0,7049621,3.86,43.33,70.0,-1.0,-26.67,Weak Sell Signal,1.03,0.96,0.88,0.16,46.85,Target Volume,Expected Range,7.08,Absent or Weak Trend
2023-05-19,0.86,0.95,0.86,0.93,15859,0.07,0.09,8.01,9.61,0.04,0.96,0.97,-0.01,-0.01,-0.0,7038035,5.78,45.0,71.67,-1.0,-26.67,Weak Sell Signal,1.03,0.96,0.88,0.16,46.69,Target Volume,Expected Range,7.13,Absent or Weak Trend
2023-05-18,0.9,0.9,0.87,0.87,16030,-0.03,0.03,-3.44,3.44,0.01,0.96,0.97,-0.02,-0.01,-0.01,7022176,9.32,46.67,73.33,-1.0,-26.67,Weak Sell Signal,1.04,0.96,0.88,0.16,44.51,Target Volume,Expected Range,7.16,Absent or Weak Trend
2023-05-17,0.9,0.94,0.84,0.87,140498,-0.03,0.1,-3.45,12.0,0.05,0.96,0.97,-0.01,-0.01,-0.0,7022176,9.32,48.33,75.0,-1.0,-26.67,Weak Sell Signal,1.03,0.96,0.89,0.15,44.51,Target Volume,Expected Range,7.12,Absent or Weak Trend
2023-05-16,0.91,0.94,0.9,0.94,24936,0.03,0.04,3.18,4.25,0.02,0.96,0.97,-0.01,-0.01,0.0,7162674,5.36,50.0,76.67,-1.0,-26.67,Weak Sell Signal,1.03,0.96,0.9,0.14,46.49,Target Volume,Expected Range,7.08,Absent or Weak Trend
2023-05-15,0.92,0.94,0.91,0.94,13979,0.02,0.03,2.12,3.19,0.01,0.97,0.97,-0.01,-0.01,0.0,7162674,4.73,51.67,78.33,-1.0,-26.67,Weak Sell Signal,1.03,0.97,0.9,0.14,46.49,Target Volume,Expected Range,7.11,Absent or Weak Trend
2023-05-12,0.93,0.93,0.92,0.93,9268,0.0,0.01,0.0,1.1,0.01,0.97,0.98,-0.01,-0.01,0.0,7148695,4.1,0.0,80.0,-1.0,-80.0,Strong Sell Signal,1.04,0.97,0.9,0.15,46.16,Target Volume,Expected Range,7.15,Absent or Weak Trend
2023-05-11,0.95,0.95,0.93,0.94,2624,-0.01,0.02,-0.9,1.97,0.01,0.97,0.98,-0.0,-0.01,0.0,7157963,3.46,0.0,81.67,-1.0,-81.67,Strong Sell Signal,1.04,0.97,0.9,0.15,46.44,Target Volume,Expected Range,7.2,Absent or Weak Trend
2023-05-10,0.97,0.97,0.93,0.94,7904,-0.03,0.04,-3.19,4.24,0.02,0.97,0.98,-0.0,-0.01,0.0,7157963,3.46,1.67,83.33,-1.0,-81.67,Strong Sell Signal,1.05,0.97,0.89,0.17,46.44,Target Volume,Expected Range,7.27,Absent or Weak Trend
2023-05-09,0.93,0.98,0.93,0.98,4184,0.05,0.05,4.68,4.68,0.02,0.97,0.98,-0.0,-0.01,0.01,7165867,3.46,0.0,85.0,-1.0,-85.0,Strong Sell Signal,1.06,0.97,0.89,0.18,47.44,Target Volume,Expected Range,7.33,Absent or Weak Trend
2023-05-08,0.92,1.0,0.92,0.97,52772,0.05,0.08,5.15,8.25,0.04,0.98,0.98,-0.0,-0.01,0.0,7161683,3.46,0.0,86.67,-1.0,-86.67,Strong Sell Signal,1.07,0.98,0.88,0.2,47.26,Target Volume,Expected Range,7.4,Absent or Weak Trend
2023-05-05,0.94,0.94,0.92,0.94,16435,0.0,0.02,0.34,2.65,0.01,0.98,0.98,-0.01,-0.01,0.0,7108911,7.08,0.0,88.33,-1.0,-88.33,Strong Sell Signal,1.08,0.98,0.88,0.21,46.42,Target Volume,Expected Range,7.46,Absent or Weak Trend
2023-05-04,0.95,0.98,0.95,0.97,2679,0.03,0.03,2.64,3.12,0.02,0.98,0.98,-0.01,-0.01,0.0,7125346,5.56,1.67,90.0,-1.0,-88.33,Strong Sell Signal,1.1,0.98,0.87,0.23,47.2,Target Volume,Expected Range,7.47,Absent or Weak Trend
2023-05-03,0.95,0.96,0.94,0.96,3011,0.01,0.02,1.48,2.08,0.01,0.99,0.98,-0.01,-0.01,0.0,7122667,6.62,3.33,91.67,-1.0,-88.33,Strong Sell Signal,1.1,0.99,0.87,0.24,46.85,Target Volume,Expected Range,7.5,Absent or Weak Trend
2023-05-02,0.95,0.95,0.88,0.94,63410,-0.01,0.07,-1.06,7.45,0.03,0.99,0.98,-0.01,-0.01,0.0,7119656,7.29,0.0,93.33,-1.0,-93.33,Strong Sell Signal,1.12,0.99,0.86,0.26,46.22,Target Volume,Expected Range,7.52,Absent or Weak Trend
2023-05-01,0.93,0.97,0.93,0.93,1167,0.0,0.04,0.0,4.3,0.02,0.99,0.98,-0.01,-0.01,0.0,7056246,4.35,0.0,95.0,-1.0,-95.0,Strong Sell Signal,1.13,0.99,0.86,0.27,45.91,Target Volume,Expected Range,7.52,Absent or Weak Trend
2023-04-28,0.95,0.95,0.9,0.95,4005,0.0,0.05,0.01,5.27,0.03,1.0,0.99,-0.01,-0.01,0.0,7057413,5.66,0.0,96.67,-1.0,-96.67,Strong Sell Signal,1.14,1.0,0.86,0.28,46.44,Target Volume,Expected Range,7.58,Absent or Weak Trend
2023-04-27,0.98,0.98,0.9,0.94,4783,-0.04,0.08,-4.04,8.28,0.04,1.0,0.99,-0.01,-0.02,0.0,7053408,5.65,1.67,98.33,-1.0,-96.67,Strong Sell Signal,1.15,1.0,0.85,0.29,46.14,Target Volume,Expected Range,7.61,Absent or Weak Trend
2023-04-26,0.94,0.98,0.8,0.97,29933,0.02,0.17,2.32,17.71,0.09,1.0,0.99,-0.01,-0.02,0.0,7058191,5.78,0.0,100.0,-1.0,-100.0,Strong Sell Signal,1.16,1.0,0.85,0.3,46.81,Target Volume,Expected Range,7.64,Absent or Weak Trend
2023-04-25,0.97,0.99,0.95,0.95,7545,-0.02,0.04,-2.09,4.07,0.02,1.01,0.99,-0.02,-0.02,0.0,7028258,3.22,0.0,85.0,-1.0,-85.0,Strong Sell Signal,1.17,1.01,0.85,0.32,46.34,Target Volume,Expected Range,7.67,Absent or Weak Trend
2023-04-24,0.91,0.97,0.91,0.94,1026,0.03,0.06,2.96,6.7,0.03,1.01,0.99,-0.02,-0.02,0.0,7020713,2.21,1.67,86.67,-1.0,-85.0,Strong Sell Signal,1.18,1.01,0.84,0.34,45.98,Target Volume,Expected Range,7.75,Absent or Weak Trend
2023-04-21,0.95,0.96,0.9,0.9,6685,-0.04,0.05,-4.97,6.08,0.03,1.02,0.99,-0.02,-0.02,-0.0,7019687,1.4,3.33,88.33,-1.0,-85.0,Strong Sell Signal,1.2,1.02,0.84,0.35,44.98,Target Volume,Expected Range,7.84,Absent or Weak Trend
2023-04-20,0.98,0.99,0.94,0.96,9331,-0.02,0.05,-1.89,5.08,0.02,1.02,1.0,-0.01,-0.02,0.0,7026372,3.78,5.0,90.0,-1.0,-85.0,Strong Sell Signal,1.2,1.02,0.84,0.35,46.43,Target Volume,Expected Range,7.95,Absent or Weak Trend
2023-04-19,0.98,1.0,0.94,0.94,1936,-0.04,0.06,-4.12,6.08,0.03,1.03,1.0,-0.02,-0.02,0.0,7017041,3.79,6.67,91.67,-1.0,-85.0,Strong Sell Signal,1.21,1.03,0.84,0.35,45.81,Target Volume,Expected Range,8.02,Absent or Weak Trend
2023-04-18,0.97,0.99,0.97,0.98,9689,0.01,0.02,1.06,2.08,0.01,1.03,1.0,-0.02,-0.02,0.0,7018977,5.69,0.0,93.33,-1.0,-93.33,Strong Sell Signal,1.21,1.03,0.85,0.36,46.82,Target Volume,Expected Range,8.09,Absent or Weak Trend
2023-04-17,0.9,0.99,0.9,0.96,31950,0.06,0.09,6.25,9.37,0.04,1.03,1.0,-0.02,-0.02,-0.0,7009288,5.69,1.67,95.0,-1.0,-93.33,Strong Sell Signal,1.22,1.03,0.84,0.36,46.22,Target Volume,Expected Range,8.14,Absent or Weak Trend
2023-04-14,0.95,0.95,0.9,0.9,3309,-0.05,0.05,-5.56,5.56,0.02,1.04,1.0,-0.02,-0.02,-0.01,6977338,3.28,0.0,96.67,-1.0,-96.67,Strong Sell Signal,1.23,1.04,0.85,0.37,44.37,Target Volume,Expected Range,8.18,Absent or Weak Trend
2023-04-13,0.91,0.96,0.91,0.93,2964,0.02,0.05,2.1,5.32,0.02,1.04,1.0,-0.02,-0.01,-0.01,6980647,3.97,1.67,98.33,-1.0,-96.67,Strong Sell Signal,1.23,1.04,0.85,0.36,45.13,Target Volume,Expected Range,8.26,Absent or Weak Trend
2023-04-12,0.86,0.98,0.86,0.91,8428,0.05,0.12,5.49,13.08,0.06,1.04,1.01,-0.02,-0.01,-0.01,6977683,3.97,3.33,100.0,-1.0,-96.67,Strong Sell Signal,1.23,1.04,0.85,0.36,44.51,Target Volume,Expected Range,8.33,Absent or Weak Trend
2023-04-11,0.91,0.98,0.88,0.89,56062,-0.02,0.1,-2.26,11.51,0.05,1.05,1.01,-0.02,-0.01,-0.01,6969255,5.25,5.0,100.0,-1.0,-95.0,Strong Sell Signal,1.24,1.05,0.86,0.36,43.88,Target Volume,Expected Range,8.41,Absent or Weak Trend
2023-04-10,0.94,0.95,0.9,0.9,75119,-0.04,0.05,-4.41,5.03,0.02,1.05,1.01,-0.01,-0.01,-0.01,7025317,3.07,6.67,100.0,-1.0,-93.33,Strong Sell Signal,1.24,1.05,0.87,0.35,44.13,Target Volume,Expected Range,8.46,Absent or Weak Trend
2023-04-06,0.96,0.96,0.95,0.95,59186,-0.02,0.02,-1.58,1.58,0.01,1.06,1.02,-0.01,-0.01,0.0,7100436,6.32,8.33,73.33,-1.0,-65.0,Weak Sell Signal,1.24,1.06,0.87,0.34,45.37,Target Volume,Expected Range,8.55,Absent or Weak Trend
2023-04-05,0.97,1.0,0.96,0.97,7673,-0.0,0.04,-0.11,3.92,0.02,1.06,1.02,-0.0,-0.01,0.0,7159622,7.11,10.0,75.0,-1.0,-65.0,Weak Sell Signal,1.24,1.06,0.88,0.34,45.89,Target Volume,Expected Range,8.59,Absent or Weak Trend
2023-04-04,1.04,1.04,0.98,0.98,22151,-0.06,0.07,-6.66,6.67,0.03,1.06,1.02,0.0,-0.01,0.01,7167295,7.98,11.67,76.67,-1.0,-65.0,Weak Sell Signal,1.24,1.06,0.88,0.34,46.02,Target Volume,Expected Range,8.61,Absent or Weak Trend
